geneID 	15	 60 	360 	900
ssr3571	0.97	1.05	0.96	0.92
ssr3570	0.99	1.11	0.91	0.96
ssr3532	1.46	1.15	1.21	0.88
ssr3467	1.08	1.51	0.98	0.84
ssr3465	0.51	0.76	1.16	0.70
ssr3451	0.80	1.01	1.12	0.94
ssr3410	1.78	1.80	1.52	1.62
ssr3409	0.92	1.01	0.89	0.77
ssr3402	1.23	0.89	0.96	0.94
ssr3383	0.15	0.15	0.38	0.87
ssr3341	0.91	1.12	1.09	1.06
ssr3307	0.52	0.50	0.48	0.67
ssr3304	0.82	0.93	0.91	0.75
ssr3300	0.76	0.78	0.75	0.87
ssr3189	0.72	0.87	0.88	0.86
ssr3188	1.49	1.31	1.30	1.15
ssr3184	1.20	1.74	1.08	1.06
ssr3129	0.87	0.98	0.85	0.67
ssr3122	0.96	1.11	1.06	1.09
ssr3000	1.42	1.36	1.34	0.77
ssr2998	0.77	0.96	1.00	0.95
ssr2972	0.96	1.01	0.64	0.59
ssr2962	0.94	1.13	0.81	0.73
ssr2912	0.97	0.82	0.94	0.84
ssr2857	0.83	1.63	1.38	1.55
ssr2848	0.88	1.02	0.65	0.64
ssr2843	0.91	0.92	0.77	0.59
ssr2831	0.46	0.68	0.58	0.79
ssr2806	0.86	0.95	0.80	1.09
ssr2803	0.70	0.87	0.82	0.91
ssr2802	1.12	1.02	0.85	1.02
ssr2799	0.92	1.17	1.18	1.04
ssr2786	1.42	1.30	1.01	1.08
ssr2781	1.08	1.28	1.34	1.19
ssr2754	1.27	1.12	0.87	0.99
ssr2723	1.42	1.52	1.20	0.90
ssr2711	0.80	1.12	0.80	0.62
ssr2708	0.83	0.93	0.78	0.64
ssr2611	0.83	1.28	0.93	0.93
ssr2595	4.30	2.22	1.37	0.92
ssr2554	1.04	1.56	1.35	1.50
ssr2551	1.07	1.11	0.93	1.03
ssr2549	1.03	1.22	1.20	1.15
ssr2439	1.00	1.16	0.84	0.85
ssr2422	1.41	1.13	1.03	1.03
ssr2406	0.87	0.89	0.66	0.78
ssr2333	1.16	1.07	0.54	0.53
ssr2318	0.81	1.21	0.95	0.86
ssr2317	1.00	1.02	0.90	0.65
ssr2315	1.16	1.21	1.09	0.83
ssr2201	1.06	1.05	1.00	0.83
ssr2194	1.07	0.82	0.74	0.72
ssr2153	0.78	1.11	0.71	0.80
ssr2142	0.95	0.92	0.57	0.64
ssr2130	1.07	1.66	2.03	1.01
ssr2087	1.11	1.00	1.03	0.96
ssr2067	1.20	1.02	0.85	0.64
ssr2062	0.81	1.12	0.85	0.60
ssr2061	1.27	1.07	1.21	1.24
ssr2060	0.99	1.13	1.10	0.86
ssr2049	1.18	1.03	0.93	0.83
ssr2047	1.38	1.09	1.31	1.07
ssr2016	3.84	1.82	1.19	0.67
ssr2009	0.92	1.09	1.10	1.01
ssr1951	0.92	1.28	1.06	0.94
ssr1853	0.77	1.06	0.91	0.84
ssr1789	1.18	1.80	1.48	1.58
ssr1768	0.95	0.90	0.68	0.60
ssr1766	0.83	1.00	1.00	1.02
ssr1765	0.90	0.99	0.78	0.59
ssr1736	0.86	1.42	0.85	0.83
ssr1720	0.96	1.45	1.23	1.21
ssr1698	1.05	0.90	0.74	0.60
ssr1604	1.09	1.30	1.13	1.15
ssr1600	0.92	1.26	0.91	1.17
ssr1562	1.30	0.94	1.09	0.92
ssr1558	0.94	0.99	1.23	1.05
ssr1528	1.25	1.13	1.38	0.98
ssr1527	0.92	1.26	0.89	0.94
ssr1513	1.20	1.02	0.84	0.84
ssr1499	1.07	1.11	1.00	1.05
ssr1480	1.09	1.66	1.51	1.06
ssr1425	0.89	0.83	0.61	0.67
ssr1407	1.02	1.14	0.88	0.90
ssr1399	0.84	1.12	1.02	1.02
ssr1398	0.95	1.26	1.06	1.25
ssr1391	1.00	0.97	0.84	0.99
ssr1386	0.95	1.30	1.04	1.15
ssr1375	0.54	0.75	1.05	0.97
ssr1258	1.26	1.24	0.98	0.92
ssr1256	2.42	1.28	1.42	0.85
ssr1169	0.83	0.69	0.64	0.64
ssr1155	1.13	1.12	0.75	0.73
ssr1114	1.04	0.61	0.66	0.66
ssr1041	0.82	0.92	0.72	0.56
ssr1038	0.94	1.20	0.76	0.78
ssr0761	0.84	0.93	0.77	0.78
ssr0759	0.76	0.73	0.52	0.76
ssr0756	0.80	1.00	0.86	0.68
ssr0693	0.91	1.09	0.71	0.64
ssr0692	1.03	0.92	1.07	0.75
ssr0657	1.05	1.09	0.98	0.75
ssr0536	0.87	0.79	1.27	0.87
ssr0482	1.17	1.40	1.13	1.38
ssr0390	0.73	0.78	0.64	0.75
ssr0349	0.82	1.18	0.90	0.77
ssr0336	0.98	0.85	0.85	0.83
ssr0332	0.94	1.19	1.14	1.05
ssr0330	1.04	1.02	1.09	0.95
ssr0109	0.91	1.11	1.19	1.06
ssr0102	1.04	1.18	1.06	1.06
ssl3829	0.72	0.82	0.91	1.27
ssl3769	1.64	1.42	1.20	0.92
ssl3712	1.15	1.11	1.14	0.92
ssl3692	0.37	0.30	0.44	0.84
ssl3615	1.38	1.34	0.88	0.69
ssl3580	1.07	1.40	1.45	1.40
ssl3573	1.09	0.92	0.86	0.80
ssl3549	0.91	1.04	0.73	0.77
ssl3451	0.95	1.10	0.97	0.89
ssl3446	1.40	1.15	0.71	0.60
ssl3445	0.77	1.63	1.55	1.47
ssl3441	0.89	1.46	1.16	1.42
ssl3437	1.04	3.16	2.27	2.83
ssl3436	0.79	2.31	1.80	1.96
ssl3432	1.01	2.25	1.66	2.12
ssl3383	1.03	1.32	0.99	1.05
ssl3382	1.60	1.20	1.03	0.95
ssl3379	1.03	0.99	0.86	0.97
ssl3364	1.60	1.45	1.07	1.26
ssl3335	1.37	1.98	1.28	1.35
ssl3291	1.22	1.25	1.07	1.25
ssl3177	1.29	1.34	1.08	1.39
ssl3127	1.00	1.13	2.62	1.04
ssl3093	0.30	0.34	0.36	0.68
ssl3044	5.64	2.43	2.38	1.80
ssl2982	0.82	1.08	0.69	0.75
ssl2971	2.17	1.16	1.15	1.10
ssl2923	1.07	1.11	1.01	1.05
ssl2922	1.15	1.06	0.76	0.64
ssl2920	1.10	1.17	1.01	1.02
ssl2874	1.01	1.18	1.08	1.11
ssl2823	0.89	1.00	0.74	0.67
ssl2789	1.06	1.09	1.23	0.77
ssl2781	1.17	1.26	0.96	1.24
ssl2749	1.24	1.09	0.91	0.74
ssl2733	0.84	0.80	0.86	0.85
ssl2717	0.89	1.19	1.03	1.02
ssl2667	1.12	1.52	1.51	1.23
ssl2615	0.90	1.24	1.32	1.39
ssl2598	0.90	0.87	1.02	0.71
ssl2595	0.97	1.00	1.00	0.95
ssl2559	1.74	1.05	0.94	0.65
ssl2542	2.49	2.52	2.18	0.97
ssl2501	0.65	0.83	0.62	0.56
ssl2471	1.24	1.19	1.05	1.00
ssl2420	0.84	0.88	0.70	0.83
ssl2384	0.43	0.49	0.60	0.66
ssl2296	1.16	0.86	0.89	0.76
ssl2250	1.02	1.15	0.91	0.93
ssl2245	1.42	1.27	1.10	1.63
ssl2233	1.25	1.92	1.51	1.95
ssl2162	1.43	1.49	1.27	1.05
ssl2153	1.55	2.55	1.90	1.82
ssl2148	1.31	2.24	1.71	1.82
ssl2138	1.21	1.25	0.99	1.23
ssl2084	0.91	1.29	1.00	1.49
ssl2069	0.88	0.76	0.69	0.79
ssl2009	0.89	1.03	0.89	0.79
ssl1972	0.88	1.17	1.24	1.09
ssl1923	0.76	1.06	0.71	0.64
ssl1918	0.94	1.02	0.67	0.76
ssl1911	1.31	1.08	1.37	0.83
ssl1807	0.80	0.71	0.83	0.72
ssl1792	1.27	0.99	0.86	0.73
ssl1784	0.95	1.81	1.54	1.45
ssl1707	0.74	0.70	0.66	0.75
ssl1690	0.96	0.88	0.84	0.97
ssl1633	1.61	1.74	1.31	0.79
ssl1552	0.83	1.06	1.05	0.83
ssl1533	0.52	0.30	0.35	0.54
ssl1520	1.00	1.03	0.96	0.83
ssl1498	0.91	0.94	0.68	0.87
ssl1464	0.97	0.71	0.76	0.57
ssl1426	0.92	1.53	1.22	0.88
ssl1417	0.91	1.11	0.88	0.80
ssl1378	1.39	1.25	0.95	1.14
ssl1326	0.95	0.88	0.91	0.95
ssl1300	0.89	0.99	0.84	0.70
ssl1263	0.73	0.80	0.42	0.53
ssl1255	1.10	0.86	0.94	0.92
ssl1046	0.58	0.93	0.96	0.97
ssl1045	0.57	0.72	0.91	0.81
ssl1004	1.10	1.07	0.98	0.82
ssl0832	0.72	1.00	0.88	0.75
ssl0788	1.11	1.01	0.74	0.96
ssl0787	0.78	1.08	0.93	1.08
ssl0750	0.86	0.95	0.85	0.67
ssl0738	0.78	1.22	0.74	0.61
ssl0707	0.73	0.90	0.68	0.79
ssl0601	1.11	1.31	0.93	0.89
ssl0564	1.03	1.14	1.29	1.23
ssl0563	0.56	0.67	0.40	0.47
ssl0546	0.96	0.99	1.01	0.96
ssl0543	1.08	1.16	0.91	1.12
ssl0511	0.74	0.91	0.81	0.74
ssl0483	0.36	0.40	0.70	0.90
ssl0467	0.98	1.00	0.95	0.79
ssl0461	0.97	0.92	1.99	0.48
ssl0453	2.34	1.33	0.80	0.76
ssl0452	3.70	2.11	1.18	0.58
ssl0438	1.56	1.29	1.22	0.82
ssl0426	1.21	1.36	1.29	0.80
ssl0410	2.12	1.35	0.98	0.90
ssl0353	0.60	0.61	0.61	0.99
ssl0352	0.98	0.93	0.85	0.66
ssl0350	0.70	0.95	0.93	0.86
ssl0331	1.04	0.90	0.77	0.77
ssl0312	1.21	1.33	0.96	1.14
ssl0294	0.82	1.18	0.93	0.74
ssl0259	0.74	0.86	1.03	0.98
ssl0242	1.15	1.43	1.35	1.54
ssl0020	1.03	1.50	1.64	1.46
smr0011	1.20	1.80	1.67	1.42
smr0010	0.79	0.89	0.89	0.78
smr0009	0.98	1.06	0.83	0.96
smr0008	1.10	0.84	0.98	0.94
smr0007	0.80	0.85	0.88	0.87
smr0006	0.96	0.97	1.04	1.08
smr0005	0.87	1.02	0.94	0.77
smr0004	0.56	0.90	0.80	0.73
smr0003	0.94	1.04	0.90	0.84
smr0001	0.92	0.92	0.59	0.73
sml0008	0.19	0.24	0.24	0.49
sml0007	1.04	1.10	1.19	1.63
sml0006	0.83	2.12	1.68	2.16
sml0005	1.23	1.29	1.00	1.08
sml0004	1.00	1.05	0.87	0.86
sml0003	0.94	1.00	0.76	0.62
sml0002	2.22	1.27	0.94	1.07
sml0001	0.74	1.02	0.70	0.76
slr2144	0.87	1.44	1.74	1.16
slr2143	1.04	1.56	1.73	1.47
slr2141	0.88	1.41	1.74	1.41
slr2136	1.06	1.09	1.73	1.47
slr2135	0.98	0.95	0.95	1.19
slr2132	1.00	1.37	1.59	0.84
slr2131	2.11	1.94	1.87	0.77
slr2130	1.40	1.37	0.94	1.26
slr2128	1.09	0.89	0.83	0.84
slr2127	1.62	1.38	1.74	0.91
slr2126	1.28	1.12	0.96	0.97
slr2125	0.95	1.71	1.69	0.98
slr2124	1.07	1.08	0.81	0.98
slr2123	0.97	1.94	1.91	1.07
slr2122	1.09	1.26	1.13	1.36
slr2121	1.82	2.36	2.18	1.03
slr2120	1.31	1.42	1.01	1.12
slr2119	1.35	2.23	1.90	0.92
slr2118	1.12	1.16	0.98	1.03
slr2117	1.14	1.04	1.09	0.96
slr2116	1.10	1.29	0.86	0.76
slr2115	1.19	1.78	1.58	0.74
slr2114	1.35	1.71	1.73	1.21
slr2111	1.06	1.06	1.01	0.55
slr2110	1.00	1.13	0.90	0.66
slr2108	1.02	1.34	1.58	1.15
slr2107	1.11	1.08	1.02	0.89
slr2105	0.66	0.92	1.28	1.15
slr2104	0.90	1.73	1.84	1.06
slr2103	1.22	1.04	1.19	0.97
slr2102	1.01	1.67	1.70	0.91
slr2101	0.88	1.06	1.06	0.81
slr2100	0.92	1.02	0.88	0.87
slr2099	0.64	1.27	1.23	0.91
slr2098	1.08	1.11	1.16	1.18
slr2097	0.97	0.79	1.01	0.92
slr2096	1.46	1.85	2.69	1.24
slr2095	1.28	1.77	1.46	1.27
slr2094	1.04	1.11	1.28	1.34
slr2092	1.32	1.02	1.10	0.80
slr2089	2.38	1.97	1.28	1.25
slr2088	0.81	1.29	1.50	1.25
slr2087	1.25	1.23	1.11	1.20
slr2084	1.48	1.55	1.45	1.08
slr2083	1.04	0.90	0.91	0.77
slr2082	1.01	1.27	1.16	1.14
slr2081	1.19	1.13	0.89	0.97
slr2080	1.20	1.16	0.89	0.84
slr2079	1.17	1.29	1.34	1.48
slr2078	1.70	3.20	2.34	1.10
slr2077	1.04	0.94	0.75	0.92
slr2076	3.92	8.49	4.07	3.09
slr2075	5.36	5.83	2.94	3.02
slr2074	0.79	0.81	0.97	1.02
slr2073	0.41	0.48	1.04	0.88
slr2072	1.33	2.16	2.74	1.33
slr2071	0.99	1.43	1.48	1.33
slr2070	0.85	1.31	1.83	1.02
slr2067	0.22	0.13	0.49	0.96
slr2062	0.75	0.94	1.36	1.10
slr2060	0.91	0.92	0.89	0.83
slr2059	0.95	1.29	1.22	1.25
slr2058	1.28	1.19	1.05	1.05
slr2057	0.60	0.75	1.21	0.94
slr2053	1.16	1.42	1.49	1.29
slr2052	0.49	0.38	0.66	0.79
slr2051	0.22	0.15	0.27	0.52
slr2049	0.78	0.96	1.11	1.06
slr2048	0.93	0.92	1.01	1.36
slr2047	0.88	1.19	1.48	1.16
slr2046	1.01	0.97	0.84	0.83
slr2045	0.82	1.14	1.30	1.11
slr2044	1.51	1.41	1.05	1.11
slr2043	1.20	1.20	1.51	0.94
slr2042	1.27	1.07	0.80	1.08
slr2041	0.70	1.04	1.01	1.00
slr2038	0.82	0.92	0.64	0.78
slr2037	-35.45	1.58	1.74	0.91
slr2035	1.01	1.08	1.01	1.05
slr2034	0.97	1.53	1.60	1.42
slr2033	1.11	1.17	0.90	0.95
slr2032	0.65	0.78	1.18	0.90
slr2031	2.04	1.46	0.92	0.93
slr2030	1.07	1.31	1.58	0.63
slr2027	1.01	0.86	0.82	0.98
slr2026	0.99	1.30	1.78	0.73
slr2025	0.65	1.51	1.04	0.88
slr2024	0.75	1.27	1.48	0.72
slr2023	1.22	1.05	1.29	1.26
slr2019	0.95	1.46	1.76	0.91
slr2018	0.85	0.76	0.69	0.74
slr2017	0.67	1.31	1.53	0.80
slr2016	0.72	0.74	0.68	0.78
slr2015	0.78	0.71	0.64	0.75
slr2013	0.94	0.90	0.79	1.01
slr2012	0.96	1.56	2.03	1.20
slr2011	1.07	0.90	0.76	0.84
slr2010	1.03	1.20	1.54	0.78
slr2009	0.81	1.81	1.71	0.89
slr2008	0.76	0.74	0.69	0.78
slr2007	1.00	0.88	0.80	0.69
slr2006	0.88	1.19	1.13	0.76
slr2005	1.27	1.18	0.93	1.14
slr2004	1.00	0.85	0.81	1.10
slr2003	1.01	1.09	0.95	1.19
slr2002	0.76	1.40	1.41	1.00
slr2001	1.37	1.18	1.14	1.13
slr2000	0.82	1.23	1.45	0.88
slr1999	1.18	1.13	1.03	0.92
slr1998	1.37	1.34	1.25	1.24
slr1994	0.84	1.14	1.24	1.12
slr1993	0.96	0.93	1.01	0.72
slr1992	2.87	3.06	2.53	1.69
slr1991	1.56	2.00	1.83	1.27
slr1990	1.14	1.37	1.21	1.30
slr1986	0.23	0.11	0.33	0.83
slr1984	1.39	1.23	1.60	1.76
slr1983	1.17	1.01	0.93	0.97
slr1982	1.72	1.21	1.42	1.24
slr1980	1.00	0.85	1.02	0.85
slr1979	1.16	0.95	0.96	0.90
slr1978	0.85	0.76	0.80	0.93
slr1977	1.12	1.08	1.15	1.00
slr1975	1.30	1.59	1.84	2.06
slr1974	1.01	1.30	1.28	1.01
slr1972	1.15	1.07	0.83	0.91
slr1971	1.01	1.49	1.03	0.78
slr1970	1.02	1.11	1.12	0.98
slr1969	0.97	0.89	0.98	0.72
slr1968	1.18	1.64	1.06	0.72
slr1966	2.49	2.41	1.81	1.42
slr1964	0.77	0.77	0.95	0.92
slr1963	6.83	4.30	2.27	1.78
slr1962	1.01	0.87	1.02	1.14
slr1959	1.26	1.94	1.43	1.10
slr1958	0.82	0.86	1.22	0.88
slr1957	0.69	0.81	0.90	0.99
slr1956	0.98	1.11	0.90	1.07
slr1951	0.71	1.13	1.20	1.14
slr1950	1.26	1.38	1.60	1.29
slr1949	0.85	1.04	0.95	1.10
slr1946	0.96	1.39	1.12	1.18
slr1945	1.05	0.85	1.18	1.16
slr1944	0.75	0.74	0.70	0.82
slr1943	0.94	0.77	0.93	0.91
slr1942	0.99	0.95	0.98	1.32
slr1940	0.92	0.94	1.54	1.53
slr1939	0.79	0.72	0.68	0.85
slr1938	0.74	0.82	1.00	1.12
slr1935	1.17	1.20	1.31	1.12
slr1934	0.92	1.05	1.23	1.43
slr1933	0.81	1.12	1.05	0.95
slr1932	0.89	1.01	0.90	0.85
slr1931	0.52	0.82	1.17	0.72
slr1930	0.88	0.78	0.91	0.65
slr1929	0.96	1.20	1.23	0.50
slr1928	0.85	0.90	0.73	0.40
slr1927	1.45	1.73	1.60	1.15
slr1926	1.50	1.69	1.11	1.66
slr1925	0.97	1.52	1.58	1.38
slr1924	0.97	1.11	1.00	1.13
slr1923	0.92	1.46	1.40	1.42
slr1920	0.61	1.16	1.20	0.94
slr1919	1.36	1.15	0.78	0.97
slr1918	0.90	0.78	0.69	0.80
slr1917	0.84	1.24	1.41	1.06
slr1916	1.65	0.92	0.97	0.97
slr1915	0.97	0.95	0.92	0.94
slr1914	1.03	1.07	0.95	0.89
slr1913	1.03	1.24	1.46	0.88
slr1912	0.86	0.88	0.94	0.84
slr1911	0.83	1.00	2.22	0.71
slr1910	1.02	1.14	0.95	1.10
slr1909	1.16	1.02	0.94	1.06
slr1908	1.77	1.71	1.56	0.97
slr1907	0.94	0.83	0.74	0.89
slr1906	0.60	0.96	1.18	0.89
slr1903	1.98	2.00	2.24	1.03
slr1902	1.12	1.59	1.15	1.31
slr1901	1.05	1.33	1.34	1.42
slr1900	1.30	1.14	1.26	1.36
slr1899	1.03	1.08	0.90	1.25
slr1898	0.99	1.10	1.03	1.07
slr1897	0.88	1.27	1.30	1.16
slr1896	1.20	1.63	1.46	1.24
slr1895	0.69	1.56	2.05	1.07
slr1894	1.86	1.75	1.95	1.54
slr1890	0.48	0.82	4.16	0.83
slr1888	1.05	0.83	0.87	1.06
slr1887	1.10	0.85	0.92	1.37
slr1886	1.13	0.88	0.97	0.67
slr1885	1.43	1.30	1.42	1.53
slr1884	1.52	1.90	2.12	1.67
slr1882	1.01	1.58	1.71	1.20
slr1881	1.41	1.89	1.10	1.12
slr1880	1.05	0.98	1.12	1.09
slr1879	1.61	1.20	1.23	0.93
slr1878	1.14	1.19	1.12	1.79
slr1877	1.11	1.64	1.49	1.28
slr1876	0.95	2.39	3.03	1.56
slr1875	1.34	1.65	1.44	3.69
slr1874	1.00	1.35	1.33	1.31
slr1871	0.85	0.85	0.80	0.78
slr1870	1.19	2.41	0.75	0.90
slr1869	0.99	0.97	0.81	0.81
slr1867	1.20	1.11	0.90	0.92
slr1866	0.88	1.25	1.03	1.08
slr1865	1.22	1.28	0.99	1.12
slr1864	0.75	1.37	1.29	0.99
slr1863	1.29	1.12	1.17	0.84
slr1862	1.04	0.71	1.15	0.88
slr1861	0.88	1.26	0.93	1.20
slr1860	0.41	0.58	1.12	0.80
slr1859	0.47	0.47	0.68	1.24
slr1857	0.82	0.71	0.92	1.14
slr1856	0.36	0.51	0.56	1.00
slr1855	0.14	0.18	0.57	0.89
slr1854	0.34	0.33	0.62	1.69
slr1853	0.64	0.73	0.88	1.28
slr1852	0.25	0.32	0.63	1.32
slr1851	0.66	0.71	1.16	0.70
slr1849	1.07	0.95	1.11	1.05
slr1848	0.82	1.19	1.52	1.36
slr1847	0.99	1.29	1.23	1.26
slr1846	1.09	1.12	1.09	0.75
slr1844	1.40	1.71	1.69	1.20
slr1843	0.88	0.59	0.80	0.64
slr1842	0.72	0.92	1.43	1.25
slr1841	0.99	1.08	0.73	0.71
slr1840	1.15	1.40	1.54	1.45
slr1839	1.03	1.85	2.79	1.64
slr1838	1.13	1.00	1.19	1.30
slr1837	1.21	1.08	1.41	0.95
slr1835	0.71	0.10	0.28	0.49
slr1834	0.49	0.03	0.21	0.43
slr1830	0.74	0.72	0.83	0.81
slr1829	0.89	0.77	0.90	0.59
slr1828	0.85	1.72	1.75	1.02
slr1827	0.92	0.91	0.87	1.01
slr1826	0.97	1.63	1.74	1.18
slr1822	1.01	0.99	0.91	0.98
slr1821	1.14	1.16	0.97	0.78
slr1820	3.60	1.09	1.18	1.25
slr1819	0.84	1.28	2.32	0.91
slr1818	0.77	0.88	0.83	0.85
slr1816	0.90	0.90	0.94	0.82
slr1815	0.91	0.56	0.74	0.66
slr1814	0.64	0.71	0.77	0.68
slr1813	0.75	0.66	0.63	0.61
slr1812	0.92	0.82	0.68	0.62
slr1811	0.62	0.76	1.04	0.61
slr1809	0.70	0.78	0.79	0.99
slr1808	0.26	0.36	0.99	1.75
slr1807	1.14	1.31	1.07	1.10
slr1805	1.32	1.09	0.99	0.69
slr1803	0.59	0.62	0.61	0.94
slr1800	1.03	0.79	0.93	0.78
slr1799	0.64	0.53	0.51	0.70
slr1798	1.24	1.30	1.29	0.76
slr1796	0.90	0.89	0.76	0.83
slr1795	1.25	1.20	1.05	1.03
slr1794	1.03	1.16	1.29	1.14
slr1793	0.89	0.60	0.69	0.70
slr1791	1.43	2.30	1.43	1.11
slr1790	1.01	1.42	1.10	1.22
slr1789	1.09	0.85	1.55	0.79
slr1788	1.02	0.90	1.05	0.82
slr1787	1.02	0.91	0.95	0.65
slr1784	1.13	1.87	1.62	1.59
slr1783	1.13	1.09	1.10	1.19
slr1780	1.30	1.31	1.24	1.58
slr1779	1.22	1.34	1.60	1.30
slr1778	1.72	1.51	1.47	1.19
slr1777	0.84	1.15	1.81	1.10
slr1776	0.92	0.96	0.99	0.82
slr1774	0.87	0.81	0.83	0.72
slr1773	0.88	0.93	0.70	0.65
slr1772	0.81	0.96	0.84	0.77
slr1771	0.91	1.12	0.99	1.24
slr1770	0.66	0.64	0.48	0.49
slr1768	0.66	0.49	0.54	0.50
slr1767	0.86	1.10	0.86	0.68
slr1764	0.85	1.17	1.28	0.65
slr1763	1.19	1.06	0.90	1.15
slr1762	1.12	1.42	1.33	0.99
slr1761	0.66	0.84	1.26	1.13
slr1760	1.13	0.85	1.19	0.75
slr1759	1.08	1.39	1.26	0.99
slr1756	0.84	0.96	0.67	1.31
slr1755	1.14	1.45	1.41	1.02
slr1753	0.90	0.87	0.90	0.78
slr1752	1.15	1.14	1.16	0.79
slr1751	0.96	0.93	0.99	0.95
slr1748	1.65	1.69	1.71	1.48
slr1747	2.57	1.95	1.32	1.09
slr1746	0.85	0.96	1.39	1.43
slr1744	1.14	1.26	1.23	1.36
slr1743	0.86	1.03	1.01	0.95
slr1742	1.16	1.17	1.13	1.31
slr1740	1.59	1.26	0.92	1.12
slr1739	1.11	0.84	0.87	0.72
slr1738	1.39	1.28	1.38	0.63
slr1737	1.19	1.00	0.85	0.93
slr1736	1.00	0.98	0.89	0.93
slr1735	0.81	0.69	0.90	0.89
slr1734	0.75	0.80	0.75	0.56
slr1732	1.04	0.80	0.82	0.78
slr1731	0.98	0.99	0.87	0.98
slr1730	0.85	1.13	1.06	1.17
slr1729	0.98	0.72	0.56	0.58
slr1728	0.74	1.28	1.45	1.06
slr1727	1.22	1.10	0.85	1.07
slr1726	1.20	1.21	1.00	1.10
slr1724	0.99	0.95	0.93	0.85
slr1723	0.96	1.17	1.30	1.17
slr1722	0.98	1.18	1.08	1.43
slr1721	1.08	1.56	1.86	1.28
slr1720	1.40	1.74	1.36	1.64
slr1719	0.84	1.38	1.64	1.54
slr1718	1.28	1.29	1.12	1.23
slr1717	1.00	1.04	1.02	1.01
slr1712	0.78	0.79	0.77	0.60
slr1710	0.85	1.28	1.51	0.87
slr1708	0.82	1.43	1.66	1.14
slr1706	1.05	1.64	1.56	1.84
slr1705	1.25	1.35	2.33	1.09
slr1704	0.75	0.69	0.67	0.74
slr1703	0.74	1.78	2.14	1.25
slr1702	1.12	1.26	1.00	1.29
slr1699	1.09	0.94	0.84	0.83
slr1697	0.94	1.26	1.08	1.16
slr1694	1.35	1.58	1.29	1.13
slr1693	0.87	1.32	1.31	1.23
slr1692	1.06	1.80	1.83	1.51
slr1691	0.83	1.00	1.30	1.16
slr1690	1.05	0.97	1.12	0.88
slr1689	0.69	0.68	0.97	1.17
slr1687	3.02	1.48	1.11	0.90
slr1686	4.01	1.80	1.63	1.06
slr1681	0.75	0.94	0.61	0.56
slr1679	1.05	1.22	1.13	0.96
slr1678	0.70	1.46	1.32	1.24
slr1677	1.66	1.97	2.02	1.36
slr1676	2.49	1.60	1.44	1.07
slr1675	5.40	1.63	1.12	0.81
slr1674	4.85	1.16	0.86	0.58
slr1673	0.78	0.73	0.78	0.82
slr1672	1.07	0.96	1.33	0.72
slr1670	1.34	1.27	1.48	0.79
slr1668	1.15	0.81	0.97	1.01
slr1667	0.88	0.84	1.04	0.53
slr1666	1.11	1.12	1.14	1.26
slr1665	0.99	1.09	1.12	0.95
slr1664	1.09	1.07	0.89	0.93
slr1661	0.87	0.98	0.67	0.58
slr1660	0.95	0.94	0.76	0.96
slr1659	0.78	0.88	0.87	0.81
slr1658	1.23	1.55	1.42	1.26
slr1657	0.89	0.84	0.87	0.94
slr1656	0.74	0.70	0.79	0.75
slr1655	0.23	0.15	0.27	0.46
slr1653	0.79	0.65	0.74	0.72
slr1652	1.48	1.23	1.40	0.88
slr1651	1.09	1.17	0.89	0.73
slr1649	0.61	0.71	0.85	1.31
slr1648	1.12	0.98	0.97	0.91
slr1647	1.13	1.38	1.45	1.47
slr1646	0.97	1.57	1.81	1.31
slr1645	1.03	1.06	1.00	1.07
slr1644	1.01	0.74	0.84	1.01
slr1643	0.93	0.99	1.02	1.26
slr1641	8.09	1.58	0.93	0.94
slr1639	0.66	0.76	0.56	0.67
slr1638	0.78	1.02	0.70	0.58
slr1636	1.00	1.17	0.97	1.06
slr1634	0.13	0.08	0.07	0.09
slr1629	1.46	1.87	1.48	1.38
slr1628	0.50	0.54	0.44	0.35
slr1627	1.09	1.32	1.11	0.92
slr1626	1.13	1.20	1.04	1.02
slr1624	1.53	1.32	1.11	1.28
slr1623	1.68	1.59	1.71	1.43
slr1622	1.34	1.38	1.48	1.97
slr1619	0.75	1.03	1.26	1.14
slr1618	1.08	1.16	0.99	1.11
slr1617	0.71	1.22	1.27	1.20
slr1616	0.99	0.88	0.92	0.85
slr1615	0.92	1.14	1.22	0.87
slr1614	1.01	1.04	0.93	0.62
slr1613	0.72	0.82	0.66	0.83
slr1612	0.59	0.78	0.73	0.77
slr1611	0.87	0.76	0.71	0.61
slr1610	0.77	0.69	0.64	0.64
slr1609	1.45	1.20	1.05	1.14
slr1608	1.49	1.49	1.36	0.88
slr1604	4.63	1.77	1.20	1.08
slr1603	2.54	1.03	1.06	0.91
slr1601	0.65	0.87	1.25	1.19
slr1600	1.23	1.09	1.43	1.43
slr1599	1.13	1.39	1.54	1.02
slr1598	1.11	1.00	1.10	1.06
slr1597	1.35	1.17	1.01	1.08
slr1596	0.90	0.98	1.13	0.68
slr1595	0.91	1.51	1.15	0.94
slr1594	3.99	1.49	0.79	0.64
slr1593	1.05	1.36	1.13	0.87
slr1592	1.02	0.84	0.86	0.90
slr1591	0.83	1.30	1.14	0.70
slr1590	0.87	0.79	0.70	0.82
slr1588	0.89	0.98	1.24	0.99
slr1584	0.63	0.60	0.66	0.76
slr1583	1.04	0.88	0.80	0.89
slr1579	0.91	0.81	1.05	0.87
slr1577	1.74	1.44	1.15	1.35
slr1576	0.87	0.98	1.07	0.86
slr1575	0.88	1.17	0.69	0.73
slr1573	1.16	1.26	1.46	0.95
slr1572	0.88	1.10	1.01	1.13
slr1571	0.89	0.80	0.86	0.95
slr1570	0.72	0.86	1.01	0.97
slr1568	1.03	0.86	0.95	0.87
slr1567	1.03	0.99	1.08	0.99
slr1566	0.92	0.87	1.04	0.93
slr1565	0.80	1.13	1.26	1.02
slr1564	0.89	0.82	0.82	0.87
slr1563	1.15	0.84	0.89	0.90
slr1562	0.83	1.00	0.77	0.70
slr1560	0.99	1.03	1.10	1.19
slr1559	1.13	0.87	0.95	0.94
slr1557	0.88	1.35	1.10	1.12
slr1556	0.84	1.26	2.40	0.83
slr1552	1.15	1.09	1.00	1.24
slr1550	1.10	1.32	1.51	1.41
slr1549	1.22	1.20	1.16	1.06
slr1547	1.35	1.18	1.05	1.14
slr1546	0.99	1.00	0.97	0.99
slr1545	0.39	0.46	0.94	0.86
slr1544	9.74	7.99	4.42	0.92
slr1543	1.70	1.51	1.37	1.24
slr1542	0.84	0.87	0.98	1.13
slr1541	0.94	0.94	1.01	1.12
slr1540	1.12	1.00	1.27	1.22
slr1538	0.83	0.81	0.99	1.19
slr1537	1.18	1.25	1.30	1.11
slr1536	1.02	0.81	0.95	0.99
slr1535	0.32	0.26	0.64	0.48
slr1534	0.99	0.98	0.80	0.92
slr1533	0.35	0.30	0.42	0.51
slr1531	1.30	1.26	1.25	1.03
slr1530	1.19	1.12	1.40	0.97
slr1529	1.33	1.39	1.30	1.11
slr1521	1.43	1.38	1.22	1.20
slr1520	1.53	1.49	2.11	0.81
slr1519	1.22	1.05	0.93	1.08
slr1518	0.71	1.17	1.75	1.03
slr1517	1.24	1.09	1.13	1.35
slr1516	4.26	1.54	1.99	1.73
slr1515	1.20	0.90	0.98	0.79
slr1513	1.74	1.17	1.23	1.32
slr1512	11.12	3.55	2.17	1.37
slr1511	1.14	1.89	1.52	0.78
slr1510	1.33	1.07	0.91	1.18
slr1509	0.75	0.97	1.01	0.93
slr1508	1.09	1.09	1.05	1.11
slr1507	0.86	1.23	1.98	1.18
slr1506	0.98	0.83	0.87	1.13
slr1505	0.77	1.14	1.36	0.92
slr1503	1.13	1.32	1.25	1.08
slr1501	1.68	1.22	1.23	0.96
slr1498	0.99	1.32	0.88	1.05
slr1495	1.24	1.45	1.27	0.84
slr1494	1.06	0.92	0.63	0.67
slr1493	0.70	1.06	0.95	0.78
slr1492	1.16	0.90	0.93	0.65
slr1491	1.14	1.30	0.92	0.93
slr1490	0.97	1.37	1.67	0.79
slr1489	1.12	1.18	0.72	0.48
slr1488	0.95	0.87	0.50	0.49
slr1485	0.96	1.04	0.65	0.48
slr1484	0.73	0.78	0.65	0.47
slr1478	1.32	1.27	1.27	1.02
slr1476	1.16	1.31	1.06	1.34
slr1474	1.29	1.72	1.43	1.18
slr1472	1.15	1.64	1.54	1.38
slr1471	1.30	1.74	1.45	1.32
slr1470	1.25	1.43	1.49	1.30
slr1469	1.21	1.65	1.80	1.64
slr1468	1.36	1.32	1.55	1.42
slr1467	1.04	1.16	0.78	0.63
slr1464	1.15	1.21	0.97	1.02
slr1463	1.88	2.30	2.71	1.56
slr1462	1.15	1.22	0.89	1.00
slr1461	0.70	0.82	0.79	1.01
slr1459	0.32	0.29	0.44	0.89
slr1457	1.75	1.80	1.97	0.95
slr1456	0.85	0.81	0.62	0.68
slr1455	1.89	1.33	1.72	0.76
slr1454	1.41	1.07	0.76	1.04
slr1453	0.94	1.22	1.68	1.17
slr1452	1.32	1.37	1.21	1.23
slr1451	0.96	0.89	0.99	1.05
slr1450	1.07	0.79	0.85	0.69
slr1449	0.92	0.85	0.81	0.66
slr1448	1.08	0.88	1.12	0.86
slr1444	0.99	0.89	0.77	0.88
slr1443	1.28	1.66	1.52	1.13
slr1442	0.77	0.71	0.72	0.60
slr1441	1.34	1.34	1.65	0.73
slr1440	0.94	1.00	1.10	0.87
slr1438	1.01	0.97	1.19	0.81
slr1437	0.47	0.98	1.39	0.84
slr1436	1.11	1.03	1.32	1.19
slr1435	1.01	1.04	1.21	1.14
slr1434	0.54	0.64	0.70	0.65
slr1431	0.72	1.22	1.51	0.83
slr1429	1.21	1.96	2.75	1.08
slr1428	1.20	1.51	1.49	0.95
slr1426	1.03	1.40	0.97	1.05
slr1425	1.03	1.07	1.54	0.90
slr1424	0.83	1.36	1.70	1.10
slr1423	2.11	1.39	1.15	1.81
slr1421	0.94	0.89	0.75	0.72
slr1420	1.46	1.96	1.34	1.85
slr1419	1.03	1.12	1.62	1.08
slr1418	1.74	1.70	1.86	1.24
slr1417	0.76	1.27	1.14	0.93
slr1416	1.47	1.10	1.02	1.15
slr1415	1.41	1.22	1.00	0.78
slr1414	1.00	1.13	0.91	1.28
slr1413	2.07	1.38	1.08	1.01
slr1411	1.28	1.30	1.37	0.93
slr1410	0.86	0.61	0.68	0.95
slr1409	0.88	1.03	1.02	1.18
slr1407	1.08	1.17	1.10	1.20
slr1406	0.79	0.70	1.37	0.65
slr1403	1.09	1.19	1.21	1.11
slr1400	1.14	1.11	0.79	0.87
slr1398	1.18	0.98	0.85	0.79
slr1397	0.95	1.73	2.48	0.67
slr1396	0.73	0.97	1.27	0.89
slr1395	0.96	0.92	0.92	1.13
slr1394	0.87	0.98	0.89	0.83
slr1393	1.23	0.96	1.04	0.80
slr1392	1.89	2.74	1.42	0.60
slr1391	1.21	1.59	1.67	1.06
slr1390	1.32	1.23	0.95	1.14
slr1385	0.63	1.14	1.50	1.00
slr1384	0.89	1.01	0.92	1.18
slr1383	0.85	0.62	0.51	0.70
slr1380	1.61	0.93	0.79	1.07
slr1379	0.49	0.92	1.21	0.66
slr1378	0.91	1.20	1.44	0.90
slr1377	0.64	1.17	0.88	0.81
slr1376	0.95	0.85	0.89	0.96
slr1369	0.95	1.19	0.92	0.92
slr1368	1.08	1.30	1.58	1.27
slr1367	1.09	1.65	1.46	1.56
slr1366	1.15	1.67	1.76	1.08
slr1365	1.05	1.00	1.10	0.92
slr1364	0.90	0.80	0.83	1.24
slr1363	1.00	0.93	0.87	0.94
slr1362	0.60	0.82	1.19	0.58
slr1356	1.58	1.63	1.40	1.72
slr1353	1.57	1.44	1.28	1.25
slr1351	3.29	1.99	1.39	1.35
slr1350	2.69	1.26	1.17	1.57
slr1349	1.21	1.08	1.15	1.16
slr1348	0.80	0.43	0.36	0.63
slr1347	1.13	1.05	0.93	1.00
slr1344	0.97	1.13	0.90	1.16
slr1343	1.09	0.94	0.91	0.92
slr1342	0.99	1.26	1.45	1.29
slr1340	1.07	1.25	1.21	0.96
slr1339	1.07	0.95	0.88	1.07
slr1338	1.32	1.06	0.93	0.97
slr1336	0.94	1.51	1.65	1.27
slr1334	1.18	1.24	1.40	1.03
slr1332	1.33	1.68	2.52	1.15
slr1331	1.18	1.35	1.20	1.38
slr1330	1.41	1.13	1.60	1.81
slr1329	0.89	1.40	2.39	1.93
slr1327	0.91	0.81	1.18	0.84
slr1325	1.24	1.04	0.97	1.17
slr1324	0.84	1.21	1.57	0.88
slr1322	1.35	1.51	1.57	0.80
slr1319	0.91	0.83	0.39	0.51
slr1318	0.75	0.62	0.46	0.73
slr1317	0.97	0.77	0.74	0.83
slr1316	0.85	0.86	0.64	0.55
slr1315	0.80	0.83	0.79	0.83
slr1312	1.25	1.12	0.97	0.92
slr1311	1.99	1.94	0.92	1.28
slr1307	1.07	0.86	1.03	0.78
slr1306	0.59	0.67	0.89	0.75
slr1305	1.18	0.99	0.74	0.80
slr1303	1.37	1.14	4.67	0.94
slr1302	0.80	0.98	1.25	0.89
slr1301	1.09	0.84	0.84	0.84
slr1300	1.21	1.08	1.18	0.87
slr1299	1.53	1.28	1.26	1.43
slr1298	0.83	0.87	0.73	0.84
slr1295	0.52	0.41	0.25	0.50
slr1293	1.94	1.50	1.23	0.92
slr1291	7.66	1.72	1.37	0.91
slr1290	1.12	0.90	1.11	0.87
slr1289	1.02	1.04	1.16	1.26
slr1288	0.82	1.06	1.14	0.85
slr1287	1.65	1.42	1.33	0.97
slr1285	1.65	1.35	1.15	1.30
slr1281	3.29	2.53	1.29	1.60
slr1280	3.31	1.65	1.32	1.33
slr1279	3.27	1.25	1.30	1.09
slr1278	1.15	1.06	1.22	0.86
slr1277	0.88	0.84	0.66	0.82
slr1276	0.85	0.87	0.93	0.78
slr1275	1.05	1.05	0.89	0.91
slr1274	0.91	0.97	0.97	0.79
slr1273	0.88	0.92	0.91	0.83
slr1272	1.00	1.02	0.81	0.96
slr1271	1.11	1.27	1.13	1.23
slr1270	1.20	1.22	1.20	1.34
slr1269	1.26	1.68	1.10	1.12
slr1267	0.94	1.08	1.07	1.14
slr1266	0.66	1.01	1.15	1.14
slr1265	1.29	1.25	1.30	1.27
slr1263	0.64	1.09	1.33	0.92
slr1262	1.29	1.54	1.46	1.45
slr1261	1.38	2.76	2.16	1.29
slr1260	1.36	1.76	1.28	1.57
slr1259	1.23	2.68	2.62	1.49
slr1258	1.17	1.13	0.88	0.95
slr1257	1.11	1.17	1.09	0.88
slr1256	1.14	1.00	0.72	0.59
slr1255	1.60	1.55	1.12	1.32
slr1254	1.76	2.74	1.54	1.23
slr1253	1.18	0.99	0.75	0.66
slr1251	1.50	1.97	2.26	2.20
slr1250	1.05	1.04	0.80	1.02
slr1249	1.20	1.18	0.93	0.65
slr1248	1.08	0.86	0.92	0.83
slr1247	2.41	1.02	1.34	1.07
slr1246	1.14	1.45	1.26	0.96
slr1245	1.27	1.32	1.02	0.73
slr1243	1.81	1.31	1.00	0.87
slr1241	0.78	0.56	0.73	0.61
slr1240	0.44	0.37	0.76	0.59
slr1239	0.41	0.36	0.57	0.65
slr1238	1.39	1.69	1.16	1.39
slr1237	1.23	1.62	1.40	1.89
slr1236	0.91	1.28	0.81	0.81
slr1235	1.54	1.71	1.62	1.37
slr1234	0.87	1.66	1.95	1.11
slr1233	0.80	0.75	0.79	0.84
slr1232	1.07	1.09	0.90	0.75
slr1230	1.26	1.06	1.00	0.89
slr1229	1.02	1.12	1.11	1.41
slr1228	1.15	1.15	0.82	0.92
slr1227	1.27	1.07	1.04	1.16
slr1226	1.03	1.14	1.19	1.08
slr1225	0.79	0.96	0.99	0.91
slr1224	1.07	1.05	0.93	1.04
slr1223	0.71	0.61	0.74	0.75
slr1222	1.03	1.14	1.11	1.12
slr1220	1.58	1.41	1.06	1.13
slr1219	1.10	0.97	1.09	0.84
slr1218	2.38	2.43	2.01	0.93
slr1216	1.06	1.07	1.02	1.40
slr1215	1.31	1.46	1.36	0.88
slr1214	1.07	0.87	1.05	0.96
slr1213	1.07	0.96	1.11	1.08
slr1212	1.00	1.08	1.03	1.04
slr1211	1.17	1.00	1.07	0.87
slr1210	1.11	1.20	0.95	0.90
slr1209	0.86	0.84	1.15	0.72
slr1208	0.74	1.07	1.94	0.90
slr1207	1.01	0.92	0.89	1.16
slr1206	0.92	1.00	0.98	1.11
slr1205	0.73	0.70	1.06	1.12
slr1204	1.12	0.93	1.23	0.94
slr1203	0.67	1.21	1.72	0.90
slr1202	0.98	0.98	0.80	1.02
slr1201	0.81	1.02	0.97	0.86
slr1200	0.75	0.82	0.68	1.06
slr1199	1.08	1.16	1.11	0.83
slr1198	0.81	0.76	0.84	1.03
slr1197	1.15	1.11	1.04	0.96
slr1196	1.12	1.02	0.82	1.03
slr1195	1.08	2.05	2.36	1.17
slr1194	0.90	0.83	0.96	0.89
slr1192	2.06	0.89	1.02	0.80
slr1189	1.26	1.16	1.31	0.73
slr1188	0.83	1.14	1.10	1.09
slr1187	1.05	0.88	1.02	0.94
slr1186	1.41	1.91	1.82	1.07
slr1185	1.00	1.10	1.27	1.16
slr1184	1.09	0.89	0.91	0.80
slr1183	1.32	1.63	1.32	0.59
slr1182	1.02	0.90	0.88	0.65
slr1181	1.12	0.92	1.01	0.89
slr1179	1.06	1.09	1.14	1.26
slr1178	0.93	1.07	1.00	1.12
slr1177	1.18	1.05	1.00	1.06
slr1176	1.09	1.05	1.04	1.62
slr1174	0.81	0.99	1.19	0.83
slr1173	0.35	0.41	0.44	0.50
slr1171	1.33	1.40	1.46	1.27
slr1170	1.23	1.55	1.14	1.14
slr1169	1.18	1.16	0.87	1.03
slr1168	1.09	1.60	1.45	1.44
slr1167	0.91	1.17	1.23	1.14
slr1166	1.06	1.21	1.59	1.32
slr1165	1.77	1.70	1.80	1.82
slr1164	1.38	1.34	2.12	1.50
slr1163	1.00	0.92	1.06	0.89
slr1162	0.55	0.51	0.62	0.89
slr1161	0.29	0.38	0.38	0.55
slr1160	1.01	1.47	1.32	1.45
slr1159	1.31	1.17	1.12	1.18
slr1152	0.76	0.52	0.82	0.94
slr1150	1.38	1.56	1.94	0.79
slr1149	1.00	1.03	0.92	1.02
slr1148	1.07	0.94	0.79	0.87
slr1147	1.23	1.12	0.77	0.83
slr1145	1.02	1.09	0.89	0.94
slr1143	0.83	1.59	1.43	0.91
slr1142	0.90	0.83	0.66	1.00
slr1140	1.00	1.22	1.13	1.50
slr1139	1.44	1.71	1.64	1.58
slr1138	0.73	1.54	2.87	1.01
slr1137	0.93	0.95	1.29	0.89
slr1136	0.69	1.39	2.77	0.93
slr1135	1.90	2.50	2.51	0.92
slr1134	1.23	1.22	1.12	1.14
slr1133	0.78	1.14	1.28	0.99
slr1130	1.51	1.80	1.77	1.18
slr1129	0.70	1.35	1.31	1.46
slr1128	0.72	0.52	0.81	0.69
slr1127	0.77	0.78	0.93	1.04
slr1125	1.18	1.18	1.03	0.75
slr1124	1.06	0.98	0.99	1.27
slr1123	1.20	0.97	1.06	0.62
slr1122	1.07	0.99	0.81	0.94
slr1120	0.93	1.08	0.81	0.98
slr1119	2.43	0.95	1.06	0.52
slr1118	1.11	1.12	1.10	0.74
slr1117	1.12	0.95	1.32	1.04
slr1116	0.82	0.58	0.51	0.65
slr1115	0.77	0.77	0.78	0.75
slr1114	0.76	0.71	0.74	0.52
slr1113	0.96	1.08	0.79	0.98
slr1110	1.05	0.99	1.05	0.78
slr1109	1.03	1.03	0.90	0.83
slr1107	1.20	1.68	1.06	1.09
slr1106	1.03	0.85	0.90	0.86
slr1105	3.24	3.23	1.84	1.31
slr1104	0.92	1.16	1.46	1.14
slr1103	0.97	1.04	1.06	0.88
slr1102	0.84	0.88	0.84	0.82
slr1101	0.81	0.86	0.84	1.05
slr1100	1.06	0.87	1.18	0.65
slr1099	1.34	1.04	0.69	0.69
slr1098	1.04	1.34	0.88	1.08
slr1097	0.94	1.00	1.14	1.45
slr1096	1.09	1.27	1.27	1.71
slr1095	1.02	0.91	0.71	0.61
slr1094	1.08	1.08	0.87	0.74
slr1093	1.28	1.66	1.06	0.92
slr1090	0.86	0.90	0.88	0.69
slr1087	0.86	0.87	0.76	0.69
slr1085	1.01	0.98	0.66	0.73
slr1084	0.82	0.99	0.59	0.63
slr1083	0.70	0.71	0.73	0.75
slr1082	0.65	0.76	0.87	0.62
slr1081	0.91	0.83	0.64	0.57
slr1079	0.94	0.86	0.57	0.57
slr1078	0.75	0.83	0.97	0.69
slr1077	0.66	0.86	0.87	0.60
slr1076	0.83	0.63	0.56	0.48
slr1074	0.71	0.97	0.91	0.68
slr1073	0.83	0.78	0.68	0.78
slr1072	0.70	0.69	0.85	0.68
slr1071	0.71	0.58	0.63	0.70
slr1070	0.73	0.82	0.75	0.56
slr1069	0.95	0.85	0.68	0.63
slr1068	1.07	0.99	0.99	0.63
slr1067	0.90	1.30	0.91	0.70
slr1066	1.00	1.09	0.93	0.91
slr1065	0.87	0.88	1.03	0.80
slr1064	0.82	0.79	0.94	0.85
slr1063	1.05	0.89	0.85	0.77
slr1062	1.00	1.18	0.80	1.07
slr1056	1.45	0.82	1.27	0.59
slr1055	1.35	0.99	0.98	1.07
slr1053	0.75	1.13	1.57	0.97
slr1052	0.94	1.30	1.57	1.13
slr1051	1.12	1.13	0.90	1.33
slr1050	0.80	1.46	1.21	0.83
slr1048	0.79	1.53	1.30	1.07
slr1047	1.23	0.92	0.75	0.64
slr1046	0.76	0.87	0.74	0.55
slr1045	0.71	1.13	0.95	0.72
slr1044	1.15	0.95	0.86	1.00
slr1043	0.89	0.92	0.99	1.02
slr1042	0.76	1.17	1.10	0.84
slr1041	0.82	1.29	1.20	0.96
slr1039	0.94	0.85	0.62	0.83
slr1037	1.12	1.37	1.71	0.70
slr1035	0.94	0.86	0.80	0.80
slr1034	0.80	0.66	0.67	0.75
slr1033	0.81	1.34	1.62	1.02
slr1032	0.89	1.20	1.45	0.76
slr1031	1.53	1.77	1.86	1.69
slr1030	0.87	1.81	2.08	1.37
slr1028	1.15	1.02	0.90	1.05
slr1025	1.05	1.06	0.89	0.97
slr1024	0.77	1.30	1.39	1.03
slr1023	1.03	1.12	1.39	0.82
slr1022	1.14	1.10	0.91	1.01
slr1020	1.02	0.89	0.90	1.32
slr1019	2.79	1.01	1.47	0.58
slr0994	1.12	1.29	1.22	0.83
slr0993	1.12	0.60	0.68	0.75
slr0992	1.35	1.54	1.21	0.98
slr0990	0.90	1.13	0.96	1.14
slr0989	0.76	1.06	1.40	1.25
slr0985	0.76	1.07	0.98	0.89
slr0984	1.10	0.92	1.27	0.76
slr0983	0.81	1.09	1.05	0.92
slr0982	0.91	0.83	0.90	0.70
slr0981	0.64	0.79	0.99	0.74
slr0980	0.69	1.24	1.15	0.63
slr0978	0.87	0.79	0.77	0.75
slr0977	0.99	0.66	0.67	0.77
slr0976	0.79	1.04	0.85	0.70
slr0975	1.17	0.93	0.84	0.79
slr0974	1.46	1.45	1.96	1.60
slr0971	1.09	0.96	0.84	0.74
slr0969	1.83	1.72	1.54	1.07
slr0967	1.40	0.88	0.90	0.44
slr0966	1.45	1.49	1.99	1.96
slr0965	1.62	2.51	2.01	2.19
slr0964	1.62	1.74	1.56	1.42
slr0963	1.16	1.66	1.41	1.40
slr0962	0.78	0.99	0.97	0.97
slr0960	2.08	1.81	1.66	1.00
slr0959	5.07	2.00	1.55	1.31
slr0958	1.53	1.64	2.10	1.13
slr0957	1.65	1.80	1.37	0.99
slr0955	1.06	2.48	2.16	1.64
slr0954	0.82	1.81	1.98	1.56
slr0953	0.94	1.15	1.24	1.12
slr0952	1.08	1.30	1.39	0.99
slr0951	0.85	0.98	1.33	1.05
slr0950	1.52	1.42	1.78	1.31
slr0949	1.11	1.01	1.11	1.11
slr0948	1.09	1.03	1.03	0.87
slr0947	1.22	1.08	1.24	1.00
slr0946	1.23	1.35	1.59	0.87
slr0945	1.01	1.51	1.49	1.06
slr0944	0.89	1.02	1.18	1.00
slr0943	0.60	0.67	0.87	0.87
slr0942	0.76	0.67	0.88	0.70
slr0941	1.11	1.23	1.06	0.73
slr0940	2.16	2.22	1.57	1.45
slr0938	1.26	1.17	1.15	1.09
slr0937	0.55	0.72	1.32	1.54
slr0936	1.06	1.18	1.31	1.04
slr0935	0.98	1.03	1.25	0.61
slr0930	1.05	1.10	0.93	1.01
slr0929	0.82	1.14	1.58	0.99
slr0927	1.48	0.92	0.74	0.76
slr0926	1.42	1.04	1.22	0.99
slr0925	1.41	1.44	1.09	1.07
slr0924	1.11	1.08	1.03	1.18
slr0923	1.47	2.44	2.62	2.85
slr0922	0.99	1.57	1.40	1.20
slr0921	1.18	1.39	1.58	1.01
slr0920	0.81	0.89	0.65	0.56
slr0919	1.15	0.85	0.85	0.80
slr0918	0.99	1.45	1.48	1.15
slr0917	1.11	0.96	0.88	0.85
slr0915	0.86	0.66	0.43	0.53
slr0914	0.96	1.24	0.93	1.24
slr0913	1.14	1.22	0.96	0.87
slr0912	0.79	0.98	0.83	1.31
slr0909	0.95	1.04	1.15	1.18
slr0907	0.85	0.82	0.93	1.12
slr0906	0.51	0.42	0.58	0.60
slr0905	0.93	1.03	1.11	1.20
slr0904	1.35	1.14	1.13	0.89
slr0903	1.69	1.21	0.91	0.83
slr0902	1.01	1.04	0.93	1.05
slr0901	1.02	1.61	1.15	1.18
slr0900	0.88	1.95	2.01	1.32
slr0899	0.95	1.17	1.08	1.23
slr0898	0.89	1.11	0.74	0.68
slr0897	1.24	1.18	1.12	0.98
slr0896	0.84	0.99	0.97	0.94
slr0895	1.63	1.11	1.24	0.76
slr0891	1.38	0.88	1.08	0.77
slr0890	0.96	0.88	0.79	0.72
slr0889	0.77	0.82	0.97	0.70
slr0888	0.41	0.48	0.76	0.53
slr0887	0.92	0.87	0.84	0.88
slr0886	0.81	0.96	0.99	1.30
slr0885	0.82	0.81	1.22	0.56
slr0884	0.94	1.23	1.21	1.10
slr0883	1.40	1.44	1.62	1.30
slr0882	1.14	1.15	1.24	1.35
slr0881	0.85	1.38	1.05	1.26
slr0880	0.73	0.99	1.11	1.10
slr0879	1.40	1.36	1.53	0.90
slr0878	0.89	1.00	1.05	1.06
slr0877	0.94	1.19	1.27	1.23
slr0876	1.12	1.12	1.24	1.05
slr0875	0.86	0.66	0.72	0.91
slr0872	1.13	1.41	1.12	1.00
slr0871	1.01	1.03	0.99	1.07
slr0870	0.94	0.57	0.73	0.60
slr0869	0.84	0.82	1.27	0.65
slr0868	0.91	0.83	0.63	0.79
slr0867	1.20	1.40	1.31	0.77
slr0865	1.32	1.28	1.12	0.93
slr0864	0.90	0.70	1.03	1.19
slr0863	1.05	0.98	0.94	0.91
slr0862	1.13	1.07	1.04	1.10
slr0861	1.30	1.10	1.15	1.15
slr0854	1.21	1.26	1.26	1.25
slr0853	1.45	0.90	0.62	0.72
slr0852	2.23	1.06	0.92	0.73
slr0851	0.88	1.06	1.02	1.01
slr0848	1.18	1.15	1.06	1.15
slr0847	0.99	1.14	0.88	1.00
slr0846	1.03	1.02	1.07	0.71
slr0845	0.99	1.18	0.92	1.01
slr0844	1.16	1.11	1.08	0.94
slr0842	0.94	1.14	1.04	0.94
slr0841	0.83	1.05	1.02	1.07
slr0839	1.39	1.33	0.93	0.72
slr0838	1.05	1.31	1.24	1.28
slr0836	1.03	1.19	1.29	1.00
slr0835	1.08	1.30	1.37	1.22
slr0833	1.30	1.40	1.57	0.91
slr0829	0.85	1.11	1.06	0.97
slr0827	1.05	0.97	1.13	1.16
slr0825	0.91	1.32	1.23	1.12
slr0823	0.88	0.66	0.97	0.80
slr0822	0.95	1.05	0.93	1.02
slr0821	1.31	1.24	1.17	1.24
slr0820	0.92	1.42	1.21	1.03
slr0819	0.93	0.94	0.78	0.69
slr0818	0.71	1.07	1.60	1.01
slr0817	1.28	1.14	0.99	1.20
slr0816	1.19	1.38	1.27	0.91
slr0815	1.03	1.26	1.61	1.04
slr0813	1.37	2.46	2.38	1.23
slr0812	1.06	0.95	0.67	0.91
slr0810	1.21	1.28	1.26	1.03
slr0809	0.78	0.92	1.34	0.95
slr0808	1.06	1.27	1.09	0.98
slr0807	0.72	1.46	1.55	0.96
slr0806	1.63	1.50	1.03	1.39
slr0804	0.63	1.20	1.84	1.46
slr0801	0.79	1.04	0.98	0.80
slr0798	1.44	1.12	1.23	0.75
slr0797	0.97	0.87	0.79	0.51
slr0796	1.05	0.89	1.06	0.74
slr0795	1.08	1.47	1.29	0.77
slr0794	0.73	0.76	0.70	0.79
slr0793	0.86	0.97	1.07	0.68
slr0790	1.21	1.17	0.87	0.78
slr0789	1.33	0.84	0.92	0.62
slr0788	1.05	1.51	1.46	1.17
slr0787	1.17	1.10	1.24	1.06
slr0786	0.97	1.15	1.44	0.92
slr0784	0.87	1.06	1.20	1.11
slr0783	1.16	2.22	3.52	1.88
slr0782	0.74	0.69	0.82	0.90
slr0780	0.88	0.74	0.77	0.73
slr0779	0.92	1.52	1.58	1.19
slr0776	1.05	1.25	1.19	0.99
slr0775	1.13	1.04	0.95	1.02
slr0774	1.01	1.60	1.67	1.44
slr0773	0.74	0.53	0.68	0.71
slr0772	0.17	0.22	0.79	0.70
slr0771	1.41	1.14	1.38	1.34
slr0770	1.59	1.23	1.13	1.15
slr0769	0.75	0.69	0.71	0.75
slr0765	1.06	0.83	0.85	0.87
slr0758	1.13	1.13	1.06	1.15
slr0757	1.14	1.43	1.00	1.17
slr0756	1.57	1.29	0.91	0.98
slr0755	1.35	1.31	1.00	0.90
slr0753	1.00	1.08	1.08	1.13
slr0752	1.30	1.11	1.30	1.51
slr0751	0.68	0.83	0.72	0.83
slr0750	0.36	0.27	0.49	0.50
slr0749	0.54	0.53	0.56	0.85
slr0748	1.09	0.74	0.89	1.05
slr0747	1.31	1.15	1.24	1.03
slr0746	0.90	0.80	0.94	0.78
slr0744	1.27	1.50	1.64	1.40
slr0743	1.64	3.02	2.77	2.32
slr0742	1.83	2.26	2.19	2.09
slr0741	1.15	1.15	1.61	1.05
slr0740	3.17	2.08	2.04	1.88
slr0739	0.91	1.09	1.09	0.81
slr0738	0.43	0.80	1.28	1.12
slr0737	0.28	0.11	0.21	0.35
slr0734	1.12	0.88	0.97	0.65
slr0733	1.03	1.17	1.10	0.78
slr0732	1.21	0.90	0.68	0.71
slr0731	1.22	1.12	1.17	0.97
slr0730	0.95	1.01	1.07	0.84
slr0729	0.95	1.09	0.56	0.52
slr0728	0.86	0.63	0.82	0.90
slr0727	1.24	0.94	1.25	1.09
slr0725	1.27	1.12	1.27	0.63
slr0724	1.33	1.05	1.10	1.06
slr0723	1.11	0.86	1.01	0.97
slr0722	1.04	0.82	0.81	0.88
slr0721	1.04	1.15	1.07	1.27
slr0719	0.97	1.33	1.43	1.41
slr0713	0.97	1.78	1.76	1.22
slr0712	0.83	1.31	1.40	0.93
slr0711	1.13	1.14	1.12	0.98
slr0710	1.27	1.09	1.20	1.18
slr0709	1.57	1.30	1.34	1.10
slr0708	0.56	0.57	0.69	1.01
slr0707	0.62	0.68	0.85	0.88
slr0702	1.16	1.12	1.48	0.85
slr0701	1.07	0.99	0.95	1.00
slr0700	1.10	0.91	1.00	0.90
slr0699	0.98	0.86	1.08	0.90
slr0698	1.28	0.97	1.60	0.88
slr0697	0.65	0.94	1.07	0.86
slr0695	0.75	1.20	1.58	1.06
slr0692	1.20	1.13	1.31	0.85
slr0689	1.01	1.16	1.21	0.86
slr0688	1.61	1.34	1.21	0.82
slr0687	1.19	0.93	0.96	0.73
slr0686	0.85	0.91	0.69	0.67
slr0682	1.14	1.05	0.82	0.74
slr0681	0.44	0.67	0.82	0.51
slr0680	0.50	0.74	0.82	0.52
slr0679	1.18	1.17	1.08	0.80
slr0678	1.17	1.76	1.26	0.96
slr0677	1.69	1.46	1.17	1.12
slr0676	2.24	2.87	2.42	1.62
slr0670	0.98	0.78	0.99	0.72
slr0668	1.02	1.48	1.53	0.87
slr0667	1.13	1.32	1.12	1.00
slr0666	1.22	2.09	1.75	0.94
slr0665	0.94	1.21	0.98	0.97
slr0664	0.99	1.75	1.61	1.12
slr0662	1.21	1.18	1.04	1.19
slr0661	0.89	1.50	1.91	1.05
slr0659	1.17	1.32	1.14	1.33
slr0658	1.69	2.07	2.27	0.87
slr0657	1.32	1.26	1.28	1.37
slr0656	1.12	2.13	1.82	0.64
slr0655	1.00	1.04	0.85	1.01
slr0654	0.78	2.16	2.07	1.07
slr0653	0.98	0.83	0.55	0.68
slr0652	0.77	1.37	1.74	1.46
slr0651	1.01	1.81	2.46	1.53
slr0650	0.67	0.77	1.04	0.93
slr0649	1.14	1.20	1.00	1.00
slr0646	0.91	0.99	1.12	0.80
slr0645	0.84	0.98	1.05	0.95
slr0644	1.26	1.10	0.90	0.83
slr0643	1.17	0.90	1.16	0.90
slr0642	1.47	1.19	1.24	1.12
slr0640	1.13	0.96	1.14	0.92
slr0639	1.01	1.48	1.55	1.42
slr0638	1.23	1.45	1.68	1.43
slr0637	1.02	1.27	1.20	1.39
slr0636	0.88	0.98	1.22	1.06
slr0635	0.95	0.95	0.90	0.88
slr0634	1.04	1.06	1.34	0.92
slr0633	1.14	1.10	1.02	1.12
slr0630	1.59	1.18	0.99	0.97
slr0628	1.13	1.70	1.56	1.28
slr0626	1.78	1.28	0.98	1.09
slr0625	1.29	1.29	1.37	1.15
slr0624	1.07	0.92	0.85	1.03
slr0623	0.43	0.60	0.89	0.75
slr0619	1.27	1.51	1.06	1.15
slr0618	1.31	1.59	1.37	0.89
slr0617	1.09	1.43	1.40	1.06
slr0616	2.16	1.61	1.83	1.88
slr0615	1.00	1.33	1.09	0.89
slr0613	0.72	1.31	1.17	1.03
slr0612	1.56	1.71	1.03	1.23
slr0611	2.81	2.19	1.84	1.06
slr0610	1.27	1.16	1.43	0.96
slr0609	0.74	1.13	1.38	1.17
slr0608	1.00	1.07	1.08	1.21
slr0607	1.21	1.27	1.76	1.43
slr0606	0.86	1.13	1.51	1.16
slr0605	1.10	0.95	0.93	1.02
slr0604	1.20	2.06	1.69	1.18
slr0603	1.11	0.98	0.86	0.81
slr0602	0.62	0.76	1.07	0.73
slr0601	1.22	1.40	0.99	0.85
slr0600	1.63	1.53	1.23	1.09
slr0599	0.73	1.35	1.22	0.76
slr0598	0.79	0.93	1.23	0.83
slr0597	1.21	1.41	1.55	1.13
slr0596	1.18	1.01	0.89	0.79
slr0594	0.98	1.21	1.08	0.81
slr0593	1.21	1.15	1.46	0.86
slr0592	1.25	1.06	0.91	1.06
slr0591	1.29	1.75	1.88	1.43
slr0590	1.07	1.31	1.39	1.29
slr0589	1.19	1.48	1.42	1.56
slr0588	1.13	1.28	0.96	0.87
slr0587	0.70	0.69	1.44	0.53
slr0586	0.88	0.85	1.32	1.24
slr0585	0.96	0.96	1.14	1.33
slr0583	1.23	0.96	0.88	1.07
slr0582	1.02	1.03	0.95	0.75
slr0581	0.75	1.28	0.88	0.69
slr0580	1.23	1.41	1.14	1.49
slr0579	0.55	0.42	0.51	0.45
slr0575	0.92	0.96	0.96	0.99
slr0574	1.04	0.81	1.07	0.92
slr0573	0.68	0.55	0.68	0.71
slr0572	0.30	0.26	0.39	0.40
slr0569	0.90	0.91	1.31	0.84
slr0565	1.13	1.04	0.95	0.89
slr0559	0.96	0.81	1.19	1.27
slr0557	0.85	1.27	1.95	1.36
slr0556	1.39	1.69	1.12	0.73
slr0554	1.45	1.71	2.92	2.43
slr0553	1.30	2.47	3.61	1.36
slr0552	1.52	2.33	1.61	2.42
slr0551	0.87	2.53	2.37	1.43
slr0550	1.20	2.10	1.42	1.73
slr0549	1.25	2.39	2.87	1.72
slr0546	0.80	0.87	1.09	1.21
slr0545	1.10	1.22	1.08	1.15
slr0544	1.11	1.09	1.07	1.15
slr0543	1.41	1.13	1.13	1.19
slr0542	1.08	1.45	2.40	1.37
slr0541	1.01	1.22	1.05	0.93
slr0537	1.18	1.23	1.11	1.58
slr0536	0.44	0.51	1.11	0.97
slr0535	1.01	0.96	0.91	0.77
slr0534	0.89	1.13	1.38	0.97
slr0533	1.12	0.97	0.93	0.79
slr0531	1.19	1.20	1.10	1.08
slr0530	1.51	1.39	1.70	1.04
slr0529	1.06	1.09	0.89	1.06
slr0528	1.01	1.14	0.89	1.20
slr0527	1.04	1.80	1.55	1.06
slr0526	1.04	0.97	0.72	0.85
slr0525	0.76	1.34	1.29	1.25
slr0523	0.61	1.14	0.71	0.77
slr0522	1.52	1.19	0.89	1.03
slr0521	1.01	1.53	1.61	1.20
slr0520	1.10	1.21	1.14	1.16
slr0519	1.37	1.54	1.41	1.18
slr0518	1.11	0.74	0.73	0.65
slr0517	0.98	0.97	0.87	0.72
slr0516	1.19	1.58	1.08	0.97
slr0514	1.10	1.14	0.68	1.15
slr0513	0.49	0.49	0.27	0.93
slr0510	0.98	1.00	1.43	1.05
slr0509	1.20	1.01	0.91	0.68
slr0506	0.36	0.53	0.76	1.04
slr0505	1.13	1.07	1.15	1.10
slr0503	0.82	1.06	1.33	1.15
slr0502	1.37	1.05	0.89	1.01
slr0500	0.85	1.14	1.11	1.11
slr0498	1.35	1.23	1.05	1.14
slr0496	1.08	1.24	1.05	1.09
slr0495	1.16	1.24	1.40	1.23
slr0493	0.85	0.96	1.02	1.04
slr0492	1.06	1.03	0.85	0.92
slr0491	1.08	0.90	0.73	0.62
slr0489	0.91	0.82	1.21	0.77
slr0488	1.10	1.00	1.07	1.04
slr0487	1.82	1.35	1.19	0.86
slr0484	1.03	1.15	0.90	1.15
slr0483	0.74	0.79	1.31	0.87
slr0482	1.03	1.04	1.32	0.94
slr0480	1.28	1.25	1.01	1.25
slr0479	1.48	1.18	1.43	1.12
slr0477	1.25	1.12	0.90	1.19
slr0476	2.90	1.17	1.03	1.06
slr0474	0.78	1.46	0.70	0.57
slr0473	0.66	0.96	0.78	0.64
slr0469	1.24	1.60	1.61	1.50
slr0468	0.84	1.30	1.27	1.51
slr0467	0.86	0.70	1.17	1.27
slr0459	1.08	1.17	1.03	1.09
slr0458	1.17	0.91	0.91	0.98
slr0457	0.84	0.80	0.73	0.85
slr0456	1.01	1.25	1.36	0.66
slr0455	0.69	0.71	0.80	0.67
slr0454	1.10	0.85	1.03	1.00
slr0453	0.79	0.53	0.50	0.56
slr0452	0.95	0.71	1.18	1.14
slr0451	0.95	0.85	1.01	0.88
slr0449	1.29	0.92	1.08	0.78
slr0448	1.05	1.07	0.99	0.99
slr0447	0.62	0.81	1.00	1.42
slr0446	1.13	1.15	1.45	1.11
slr0445	0.85	0.93	1.10	0.82
slr0444	0.69	1.17	1.08	1.03
slr0443	1.13	0.98	0.60	0.79
slr0442	0.69	0.58	0.73	0.78
slr0440	0.88	1.23	1.65	0.65
slr0439	0.86	0.75	0.74	0.77
slr0438	0.90	0.98	1.16	0.89
slr0436	1.03	1.38	1.55	0.94
slr0435	0.88	1.16	1.23	1.29
slr0434	1.11	1.19	1.06	1.72
slr0431	0.79	0.88	1.56	0.80
slr0427	2.29	2.32	1.93	1.57
slr0426	2.69	2.68	2.42	1.91
slr0423	1.90	3.22	1.87	1.27
slr0421	1.32	1.19	1.26	0.97
slr0420	1.04	1.11	1.10	1.38
slr0418	1.19	1.29	1.04	1.00
slr0417	1.01	0.87	1.15	1.11
slr0416	1.21	1.02	1.08	0.86
slr0415	1.12	1.15	0.87	1.08
slr0408	1.09	0.97	0.90	0.95
slr0407	1.45	1.17	1.40	0.95
slr0406	1.15	1.12	1.04	1.00
slr0404	0.95	1.20	0.96	0.77
slr0402	1.14	1.31	0.98	1.15
slr0401	1.79	1.95	1.46	1.18
slr0400	1.76	1.32	0.92	0.84
slr0399	2.00	1.78	1.37	1.09
slr0398	1.17	0.96	0.96	1.00
slr0397	1.40	1.12	1.00	0.91
slr0395	1.60	1.85	1.24	1.15
slr0394	2.81	1.57	1.34	1.25
slr0393	1.01	1.24	0.97	0.80
slr0392	1.55	2.19	1.74	1.07
slr0388	1.03	1.05	1.03	0.72
slr0387	1.14	0.94	0.91	0.91
slr0386	1.07	0.97	1.07	0.88
slr0384	2.17	2.57	1.91	1.17
slr0383	1.01	1.12	0.95	1.16
slr0381	0.58	0.67	0.59	0.50
slr0380	0.87	0.82	0.75	0.88
slr0379	0.71	0.89	0.98	0.85
slr0378	0.93	0.77	0.73	0.76
slr0377	0.94	0.87	0.93	0.66
slr0376	0.23	0.14	0.17	0.10
slr0374	0.62	0.47	0.38	0.36
slr0373	0.22	0.07	0.08	0.07
slr0370	0.88	0.71	0.60	0.82
slr0369	1.05	1.09	1.41	0.94
slr0366	1.14	1.23	1.56	1.73
slr0364	2.08	2.87	3.79	3.42
slr0363	1.09	1.06	1.11	0.97
slr0362	1.48	1.19	1.18	0.93
slr0361	0.85	1.08	1.13	0.79
slr0360	1.05	0.96	0.96	0.83
slr0359	0.60	0.78	0.66	0.59
slr0358	0.71	1.75	1.88	1.34
slr0357	1.10	0.98	0.94	0.87
slr0356	1.23	1.27	1.12	1.28
slr0355	0.85	1.35	1.84	1.23
slr0354	0.99	0.89	0.99	0.99
slr0353	0.78	0.84	0.84	0.93
slr0351	0.91	1.53	1.68	1.56
slr0348	0.96	1.08	0.97	1.17
slr0347	0.98	1.72	2.24	1.28
slr0346	0.96	1.00	0.89	1.07
slr0345	0.76	0.78	1.01	1.05
slr0344	1.14	1.00	1.08	0.87
slr0343	0.70	0.49	0.65	0.64
slr0342	0.62	0.62	1.35	1.16
slr0341	1.44	1.19	1.41	1.04
slr0338	1.18	1.50	1.67	1.28
slr0337	1.00	0.91	1.08	0.76
slr0335	0.10	0.15	0.47	0.61
slr0334	0.84	0.96	1.75	1.00
slr0333	0.92	0.86	1.36	0.73
slr0331	0.93	1.03	1.17	1.07
slr0329	0.46	0.44	0.51	0.66
slr0328	1.45	1.10	0.72	0.79
slr0327	1.15	1.15	1.02	1.09
slr0326	1.18	1.31	1.34	0.79
slr0325	0.73	0.72	0.81	0.83
slr0324	1.03	0.95	0.77	0.92
slr0323	1.00	1.44	1.47	1.07
slr0322	0.94	0.75	0.67	0.76
slr0321	1.16	1.41	1.21	0.92
slr0320	2.80	2.66	1.40	0.81
slr0319	1.15	1.23	1.19	0.99
slr0318	0.88	1.48	1.44	1.08
slr0317	0.82	1.01	0.80	0.96
slr0316	0.92	1.51	1.35	0.79
slr0315	1.20	1.20	0.98	1.11
slr0314	0.90	0.91	1.00	0.71
slr0313	0.86	0.93	0.76	0.68
slr0312	0.88	1.11	1.14	0.82
slr0311	1.20	0.99	1.00	0.67
slr0309	0.58	0.55	0.56	0.45
slr0306	0.80	1.10	1.15	0.97
slr0305	1.21	1.38	1.39	1.56
slr0304	0.82	1.05	1.17	1.16
slr0303	1.32	1.03	0.93	0.96
slr0302	0.54	1.14	0.79	0.67
slr0301	1.16	0.92	1.33	0.65
slr0300	0.60	1.07	0.78	0.69
slr0299	1.04	1.02	1.05	0.74
slr0298	0.86	0.97	1.15	0.95
slr0294	1.17	1.70	1.73	1.28
slr0293	1.24	1.48	1.43	1.15
slr0292	1.41	1.15	1.03	0.96
slr0291	0.59	0.48	0.78	0.57
slr0288	0.54	0.85	0.82	0.76
slr0287	0.94	1.64	1.50	1.44
slr0286	1.98	1.79	1.53	0.98
slr0285	1.48	0.92	1.04	0.67
slr0284	0.85	0.57	0.64	0.49
slr0280	1.15	1.24	1.26	1.17
slr0273	1.45	1.84	1.38	0.78
slr0272	0.77	0.70	0.44	0.38
slr0271	1.46	1.76	1.13	0.88
slr0270	1.70	1.91	0.53	0.40
slr0269	1.14	1.06	0.79	0.93
slr0267	1.19	1.36	1.34	0.95
slr0264	1.22	1.57	1.51	1.12
slr0263	1.04	0.85	0.81	0.59
slr0262	1.68	1.59	1.43	1.22
slr0261	1.71	1.17	0.98	1.01
slr0260	1.06	1.03	0.96	1.03
slr0257	1.49	1.03	1.05	0.93
slr0254	1.03	1.28	1.11	1.04
slr0252	0.96	1.47	1.37	1.07
slr0251	1.01	1.50	1.30	1.36
slr0250	0.96	1.07	0.91	1.02
slr0249	0.87	2.07	1.72	1.65
slr0245	0.91	1.17	1.07	1.08
slr0244	0.38	0.32	0.83	0.84
slr0243	0.94	0.89	1.22	1.18
slr0242	1.14	1.61	1.21	1.16
slr0241	1.02	0.99	1.03	1.06
slr0240	0.86	1.05	1.11	1.12
slr0239	1.17	1.13	1.32	0.91
slr0238	0.63	0.82	0.46	0.54
slr0237	1.46	1.05	1.67	0.89
slr0236	1.05	1.15	1.17	1.33
slr0233	0.69	0.80	0.79	0.68
slr0232	1.23	1.21	1.06	1.13
slr0231	1.18	0.92	1.06	0.69
slr0229	1.00	1.18	0.98	1.16
slr0228	3.87	2.43	1.87	0.94
slr0226	0.49	1.21	1.78	0.60
slr0224	0.92	1.34	1.31	1.08
slr0222	1.52	1.10	0.92	1.13
slr0220	1.80	1.23	0.94	1.06
slr0217	0.92	0.91	0.88	0.80
slr0216	1.00	0.97	0.85	0.99
slr0214	1.15	1.08	0.92	1.15
slr0213	1.03	1.85	2.16	1.31
slr0212	0.82	0.99	1.08	1.01
slr0211	0.87	0.83	0.93	0.70
slr0210	0.90	1.08	1.05	1.07
slr0209	1.09	1.61	1.94	1.44
slr0208	2.18	1.53	1.47	1.39
slr0207	2.84	1.04	1.28	1.00
slr0204	1.10	1.18	1.27	0.82
slr0201	0.88	0.78	0.82	0.79
slr0199	0.97	1.07	0.80	0.65
slr0197	1.13	1.10	0.99	0.90
slr0196	0.95	1.00	1.27	0.85
slr0195	1.07	1.13	0.89	1.01
slr0194	1.06	0.83	0.85	1.09
slr0193	1.35	1.06	0.93	1.23
slr0192	0.82	0.80	1.14	0.92
slr0191	0.98	1.13	0.99	0.96
slr0186	1.23	1.04	0.79	0.91
slr0185	1.15	1.32	0.97	1.04
slr0184	1.46	1.15	1.13	0.79
slr0181	1.05	1.19	1.16	0.85
slr0179	0.96	1.02	1.11	0.68
slr0172	0.95	0.94	1.01	0.99
slr0171	0.98	0.96	0.84	1.14
slr0169	0.93	1.44	1.45	1.13
slr0168	1.26	1.06	1.15	1.06
slr0165	1.21	1.16	0.98	1.04
slr0164	0.95	1.33	1.24	1.06
slr0163	0.45	0.69	0.93	0.80
slr0162	0.49	0.37	0.72	0.56
slr0161	0.48	0.47	0.72	0.61
slr0157	1.04	1.06	1.00	0.95
slr0156	1.18	1.18	1.15	1.14
slr0152	1.01	1.05	1.18	0.87
slr0151	0.53	0.61	0.69	0.82
slr0150	0.35	0.39	0.71	0.68
slr0149	0.36	0.32	0.53	0.62
slr0148	0.38	0.45	0.94	0.77
slr0147	0.17	0.19	0.34	0.39
slr0146	0.17	0.13	0.36	0.42
slr0145	0.20	0.19	0.51	0.56
slr0144	0.21	0.27	1.08	0.75
slr0143	1.01	0.93	1.07	0.79
slr0142	1.61	1.07	1.14	0.78
slr0121	0.80	0.56	0.75	0.86
slr0120	0.79	0.91	1.00	0.98
slr0119	1.24	0.98	1.15	1.16
slr0118	0.89	0.75	1.03	1.48
slr0116	2.23	1.85	1.38	1.40
slr0115	1.03	1.21	1.03	1.27
slr0114	0.93	1.02	1.02	0.98
slr0112	1.03	1.44	0.89	0.90
slr0111	1.27	1.35	1.12	1.00
slr0110	1.08	0.93	0.88	0.97
slr0109	0.88	0.83	0.77	0.82
slr0108	0.93	1.14	1.13	1.12
slr0106	1.22	0.98	1.44	0.84
slr0105	1.01	0.77	0.92	0.77
slr0104	0.92	1.18	1.11	1.01
slr0103	1.09	0.98	0.84	0.89
slr0099	1.09	1.64	1.32	1.51
slr0096	0.98	1.01	1.09	1.00
slr0095	2.11	1.43	1.24	1.11
slr0093	1.58	1.26	0.85	0.95
slr0092	1.51	1.50	1.08	0.97
slr0091	1.12	0.93	1.00	0.87
slr0090	1.39	1.42	1.02	0.96
slr0089	1.21	1.07	0.99	1.02
slr0088	0.91	1.27	1.14	1.00
slr0086	1.21	0.93	1.00	0.91
slr0084	1.09	1.08	0.99	0.97
slr0083	2.68	1.47	0.87	0.73
slr0082	2.27	2.11	1.17	0.92
slr0081	1.10	0.99	0.78	0.80
slr0080	1.08	0.91	0.88	0.67
slr0079	0.75	0.80	0.98	0.88
slr0078	1.17	1.01	1.01	1.15
slr0077	1.87	1.32	1.42	1.26
slr0076	2.64	1.19	1.19	1.18
slr0075	1.99	1.23	1.40	1.29
slr0074	1.69	1.02	1.13	0.95
slr0073	1.00	0.88	0.92	0.93
slr0072	1.20	1.23	1.12	0.91
slr0070	0.85	1.09	0.90	1.25
slr0069	1.14	1.15	1.09	1.00
slr0067	0.92	1.04	0.98	1.03
slr0066	1.09	0.98	0.91	0.99
slr0065	0.85	1.05	1.22	0.90
slr0064	1.02	0.99	1.15	0.96
slr0063	1.59	1.23	1.13	0.95
slr0061	1.11	1.12	0.86	0.81
slr0060	1.11	1.07	0.95	0.84
slr0059	1.32	1.29	1.19	1.09
slr0058	1.09	1.10	1.00	0.79
slr0056	1.30	1.42	1.05	1.11
slr0055	1.32	1.14	1.27	1.18
slr0054	1.04	1.10	0.90	0.94
slr0053	0.76	1.29	1.86	1.07
slr0051	1.08	1.00	0.83	0.92
slr0050	1.37	1.46	1.46	1.10
slr0049	0.96	0.95	0.85	1.18
slr0044	1.00	1.20	1.77	0.97
slr0043	1.20	1.03	0.70	0.78
slr0042	1.14	1.03	1.52	0.83
slr0041	1.18	0.90	0.84	0.79
slr0040	0.91	1.50	1.47	1.12
slr0039	0.68	1.38	1.38	1.09
slr0038	0.75	0.99	0.96	1.12
slr0036	1.20	1.37	1.17	0.98
slr0033	1.07	1.52	1.42	1.04
slr0032	1.11	1.59	1.04	1.33
slr0031	1.66	1.46	1.65	1.09
slr0023	2.94	1.29	1.04	0.98
slr0022	0.92	1.00	1.29	0.80
slr0021	1.41	2.28	2.85	1.54
slr0020	1.75	1.44	1.11	1.02
slr0019	1.06	1.06	1.13	1.04
slr0018	1.35	1.37	1.72	1.17
slr0017	1.31	0.74	0.78	0.91
slr0016	1.11	1.04	1.15	1.08
slr0015	1.62	1.48	1.34	0.99
slr0014	1.78	1.74	1.30	1.53
slr0013	0.90	1.14	1.30	1.12
slr0012	3.03	1.93	1.78	2.02
slr0011	3.45	1.87	1.48	1.93
slr0009	2.96	1.88	1.26	1.72
slr0008	2.66	2.25	1.61	0.86
slr0007	3.96	2.87	1.42	1.61
slr0006	4.62	3.28	2.45	1.37
slr0001	0.84	0.87	1.18	0.85
sll2015	1.08	0.96	0.91	0.91
sll2014	1.29	1.55	1.84	0.97
sll2013	1.73	1.15	1.17	1.21
sll2012	3.88	2.91	2.26	0.77
sll2011	1.76	1.28	1.01	0.98
sll2010	1.71	2.33	1.80	0.94
sll2009	1.06	1.17	1.10	0.96
sll2008	1.57	1.07	1.20	1.25
sll2007	0.87	0.77	0.74	0.97
sll2006	0.96	1.10	0.98	1.04
sll2005	1.03	0.98	1.06	1.43
sll2003	1.14	1.03	1.04	1.30
sll2002	1.25	1.26	1.21	1.62
sll2001	1.23	1.55	1.54	1.15
sll1995	1.11	1.03	0.87	1.03
sll1994	0.40	0.59	1.01	0.97
sll1988	1.01	1.01	0.91	0.98
sll1987	0.72	1.08	1.13	1.06
sll1981	0.71	1.39	1.62	1.14
sll1980	1.22	1.35	0.98	1.20
sll1979	1.08	1.39	1.70	1.63
sll1973	1.01	0.80	0.88	1.05
sll1971	0.82	0.89	0.87	1.12
sll1969	0.93	1.12	1.04	1.22
sll1968	0.86	2.77	2.31	1.42
sll1967	0.84	1.46	1.35	1.46
sll1965	1.22	2.46	2.15	1.86
sll1961	0.69	0.72	0.98	1.20
sll1960	1.39	1.09	0.91	0.63
sll1959	0.82	1.15	1.35	1.26
sll1958	1.26	1.39	1.18	1.25
sll1957	1.08	1.03	1.05	0.88
sll1956	0.83	0.78	0.81	1.06
sll1954	0.92	0.81	1.25	1.07
sll1951	1.09	1.12	1.08	1.04
sll1950	0.81	0.91	1.09	1.56
sll1949	0.73	0.68	0.91	0.89
sll1946	1.08	0.99	0.88	0.94
sll1945	1.09	0.97	1.18	1.21
sll1942	0.64	1.20	0.92	0.83
sll1941	0.97	0.97	0.94	0.92
sll1940	1.08	1.04	1.18	0.73
sll1939	0.56	0.77	1.02	0.87
sll1938	0.79	0.75	0.55	0.70
sll1937	0.87	0.86	0.78	0.76
sll1934	0.45	0.76	1.26	1.19
sll1933	0.77	0.74	0.78	0.91
sll1932	0.99	1.43	1.47	1.11
sll1931	0.95	1.09	0.78	0.98
sll1929	2.70	1.05	1.43	0.86
sll1927	1.15	1.31	1.35	0.75
sll1926	0.45	0.44	0.48	0.64
sll1925	0.72	1.17	1.09	0.66
sll1924	1.15	1.51	1.44	0.88
sll1921	0.78	0.69	0.82	0.71
sll1920	0.88	1.17	1.27	0.76
sll1917	1.14	1.46	1.38	1.49
sll1916	1.06	1.77	1.99	0.79
sll1915	0.97	1.00	1.02	0.98
sll1913	0.82	1.83	2.22	0.75
sll1912	1.07	1.48	1.27	1.08
sll1911	3.41	3.78	3.11	1.33
sll1910	0.69	1.23	2.08	1.55
sll1909	1.10	1.19	1.09	1.30
sll1908	0.88	1.41	1.65	1.49
sll1906	1.74	1.30	1.08	1.16
sll1905	1.27	1.60	1.63	1.10
sll1902	0.94	1.62	1.51	0.96
sll1900	1.14	1.36	1.14	1.05
sll1899	1.33	1.04	1.28	0.81
sll1898	0.94	1.10	1.05	0.92
sll1897	1.18	1.05	1.03	0.98
sll1895	1.43	1.00	0.90	0.86
sll1894	1.18	0.89	0.74	0.86
sll1893	1.00	1.04	0.98	0.95
sll1892	0.99	0.87	1.01	0.92
sll1891	0.79	0.66	0.77	0.72
sll1890	1.06	1.10	1.22	0.92
sll1888	0.93	0.90	0.86	0.93
sll1886	1.21	1.08	1.04	0.96
sll1885	1.05	1.04	0.86	0.90
sll1884	7.07	1.92	1.33	1.35
sll1883	0.96	0.96	0.89	1.29
sll1882	0.91	0.85	0.97	0.81
sll1880	0.89	0.92	0.97	0.85
sll1879	0.98	0.82	0.80	0.67
sll1878	1.03	0.85	0.42	0.79
sll1876	1.30	0.89	0.96	0.72
sll1875	1.00	1.13	1.06	1.01
sll1874	1.07	1.08	1.02	0.92
sll1873	0.79	0.47	0.68	0.70
sll1872	1.36	1.19	1.24	1.24
sll1871	1.02	0.97	0.92	0.78
sll1870	1.33	1.36	1.29	0.94
sll1869	1.12	1.03	1.06	1.19
sll1868	1.04	1.13	0.99	0.94
sll1867	2.67	1.59	1.37	1.48
sll1866	1.17	1.22	1.02	1.15
sll1865	1.46	1.29	1.07	0.99
sll1864	0.90	0.86	1.21	0.74
sll1863	1.05	1.14	0.95	0.48
sll1862	0.83	1.10	0.68	0.42
sll1858	1.09	0.94	0.80	0.79
sll1854	1.20	1.51	1.53	1.58
sll1853	1.69	1.54	2.58	1.30
sll1852	1.44	1.36	1.63	1.20
sll1851	1.32	1.59	1.31	1.20
sll1849	1.36	1.43	1.62	1.00
sll1848	0.97	1.35	1.75	1.05
sll1845	1.02	1.34	1.05	0.99
sll1841	1.03	1.09	1.08	1.39
sll1837	0.92	1.20	1.31	0.81
sll1835	0.67	0.86	1.10	1.00
sll1834	0.89	1.00	1.17	0.78
sll1833	0.99	0.96	0.99	1.12
sll1832	0.63	0.67	0.99	0.85
sll1831	1.09	1.15	0.81	1.11
sll1830	0.28	0.79	1.09	1.02
sll1825	0.92	1.26	0.96	0.70
sll1824	1.13	1.45	1.17	1.21
sll1823	1.39	1.52	1.15	1.35
sll1822	0.90	2.08	1.42	1.58
sll1821	0.89	1.94	1.71	1.95
sll1820	1.00	1.91	1.49	2.00
sll1819	1.03	2.42	1.68	2.01
sll1818	0.81	3.06	3.88	2.67
sll1817	1.00	2.26	1.95	2.35
sll1816	1.12	2.79	2.06	2.54
sll1815	0.68	1.04	0.91	1.20
sll1814	0.71	2.15	1.59	1.79
sll1813	0.64	1.94	1.33	1.66
sll1812	0.47	1.56	1.31	1.42
sll1811	0.84	2.33	1.85	1.96
sll1810	0.57	2.76	2.50	2.27
sll1809	0.81	2.42	1.84	2.08
sll1808	0.96	3.11	1.84	2.61
sll1807	1.00	3.26	2.42	2.87
sll1806	0.93	2.57	2.07	2.16
sll1805	1.13	2.77	1.64	1.84
sll1804	0.93	3.82	3.14	2.80
sll1803	0.89	2.48	1.77	2.41
sll1802	1.61	2.99	2.57	3.25
sll1801	1.36	3.32	2.44	2.89
sll1800	1.16	2.97	3.03	2.68
sll1799	1.77	2.56	2.53	3.21
sll1797	1.51	1.64	1.71	1.43
sll1796	0.97	1.66	1.40	1.29
sll1789	1.39	1.92	1.72	1.58
sll1787	1.38	2.04	1.49	1.49
sll1786	1.50	2.01	1.60	1.75
sll1785	0.07	0.14	0.48	0.67
sll1784	0.15	0.14	0.26	0.74
sll1783	0.20	0.29	0.48	0.97
sll1780	0.85	1.33	1.56	1.24
sll1776	1.26	1.51	1.26	1.36
sll1775	1.24	1.17	1.00	1.11
sll1774	0.57	0.80	0.98	0.69
sll1773	1.11	1.54	1.08	1.14
sll1772	1.58	2.10	1.38	1.15
sll1771	1.57	1.83	1.42	1.49
sll1770	2.10	2.97	1.79	1.33
sll1769	1.33	1.67	2.31	1.22
sll1768	1.34	1.35	1.07	1.16
sll1767	0.95	1.96	1.49	1.82
sll1766	0.69	1.05	1.12	1.20
sll1765	0.47	1.05	1.70	1.12
sll1764	0.90	0.96	0.91	0.91
sll1763	0.33	0.62	1.33	0.71
sll1762	0.41	0.50	0.60	0.81
sll1761	0.92	1.37	1.17	0.98
sll1760	1.17	1.23	1.25	1.22
sll1758	1.08	1.67	1.54	1.41
sll1757	1.37	1.49	1.29	1.88
sll1755	1.14	1.26	1.39	0.96
sll1752	1.04	1.27	1.07	0.98
sll1751	0.90	1.06	0.81	0.72
sll1750	0.68	0.99	1.18	0.98
sll1749	0.85	0.93	0.81	0.67
sll1747	1.16	1.46	1.65	1.51
sll1746	0.91	2.25	1.90	1.96
sll1745	0.74	2.97	2.18	2.72
sll1744	1.13	3.31	2.17	2.66
sll1743	1.01	3.40	2.45	3.11
sll1742	1.47	3.86	2.06	2.59
sll1740	1.17	1.79	1.34	1.74
sll1739	1.14	1.20	1.13	1.00
sll1738	0.99	0.71	0.73	0.98
sll1737	1.73	1.00	1.12	1.39
sll1736	1.54	1.10	1.12	1.04
sll1735	2.72	1.27	1.46	0.87
sll1734	4.45	1.27	1.07	1.24
sll1733	10.89	1.84	1.06	1.40
sll1732	7.72	1.66	1.18	1.37
sll1730	0.96	0.78	0.75	1.08
sll1726	2.55	1.13	0.88	0.97
sll1725	1.28	0.93	0.88	0.85
sll1724	1.12	1.06	0.81	1.00
sll1723	1.09	1.12	0.99	0.86
sll1722	1.10	1.33	1.12	1.11
sll1721	1.18	1.35	1.29	1.80
sll1717	1.02	0.67	0.89	0.84
sll1716	1.20	0.93	0.95	1.03
sll1715	1.94	1.60	1.71	1.64
sll1714	1.11	1.62	1.60	1.47
sll1713	0.33	0.20	0.48	0.62
sll1712	0.56	0.54	1.07	1.31
sll1709	0.93	1.39	1.27	1.25
sll1708	0.97	0.82	0.86	1.04
sll1704	1.28	1.20	1.18	0.73
sll1703	0.76	1.03	1.50	1.23
sll1702	0.72	1.10	1.88	0.92
sll1699	0.77	0.96	1.06	1.14
sll1698	1.17	0.98	1.00	0.70
sll1697	1.74	1.20	1.08	0.83
sll1696	1.25	1.03	0.98	1.08
sll1695	0.81	0.59	0.64	0.80
sll1694	0.83	0.23	0.44	0.43
sll1693	0.71	1.16	1.93	1.08
sll1692	0.61	0.94	0.72	0.70
sll1691	0.71	0.81	0.73	0.80
sll1689	1.03	0.79	1.17	0.58
sll1688	2.66	0.38	0.84	1.12
sll1687	1.07	1.10	0.63	0.83
sll1686	0.96	1.07	1.10	0.69
sll1685	1.21	0.88	0.89	0.66
sll1683	1.21	1.10	1.55	1.00
sll1682	1.05	1.07	0.78	0.84
sll1681	2.29	1.63	1.63	1.42
sll1680	2.03	1.67	1.44	1.59
sll1679	1.51	1.50	1.22	1.23
sll1678	1.03	0.97	1.40	0.97
sll1677	0.75	0.63	0.94	1.29
sll1676	1.09	1.09	1.16	1.20
sll1675	0.83	0.93	0.83	0.60
sll1673	1.11	1.37	1.11	1.03
sll1672	0.88	1.09	0.92	0.68
sll1671	1.04	0.83	0.89	0.78
sll1670	1.41	1.13	0.77	0.95
sll1669	0.98	0.75	0.95	0.62
sll1667	0.83	0.82	0.72	0.76
sll1666	0.99	0.78	0.89	0.63
sll1665	0.50	0.54	0.72	0.65
sll1664	1.16	1.34	1.28	1.24
sll1663	0.93	1.20	1.17	1.18
sll1662	1.51	1.63	1.34	1.09
sll1660	0.87	0.90	0.76	0.99
sll1659	0.75	0.97	1.24	0.66
sll1658	0.93	1.44	1.24	1.09
sll1656	0.98	0.93	0.94	0.86
sll1655	0.62	1.21	2.17	1.49
sll1654	0.82	1.15	1.07	1.36
sll1653	0.76	1.09	1.25	1.27
sll1652	1.03	1.17	1.06	0.81
sll1647	0.97	1.03	1.12	0.77
sll1643	1.03	0.90	0.99	0.85
sll1642	2.87	1.37	1.05	0.72
sll1641	0.97	1.13	1.22	0.79
sll1640	0.91	0.86	0.94	0.93
sll1639	0.93	0.97	1.12	0.97
sll1638	0.41	0.51	0.93	0.80
sll1636	0.70	1.00	1.35	0.89
sll1635	0.96	1.10	1.70	1.21
sll1634	0.62	1.21	1.36	1.10
sll1633	1.09	1.11	0.92	1.02
sll1632	0.52	1.20	1.35	0.92
sll1631	1.11	0.79	0.96	0.59
sll1630	1.01	1.03	0.80	0.79
sll1629	0.77	1.05	1.04	1.17
sll1628	1.29	1.11	0.95	0.99
sll1626	0.41	0.38	1.20	1.42
sll1625	1.14	1.13	1.13	1.02
sll1624	0.73	0.72	1.17	1.19
sll1623	1.02	0.85	0.88	0.93
sll1621	2.08	2.80	1.17	1.12
sll1620	1.21	1.03	0.95	0.93
sll1618	0.98	1.20	1.01	1.09
sll1615	1.28	1.69	1.09	0.64
sll1614	1.64	1.24	1.05	1.28
sll1613	0.96	0.93	1.01	0.99
sll1612	0.88	1.24	1.22	1.22
sll1611	1.73	2.16	2.03	1.92
sll1609	0.97	0.92	0.88	0.76
sll1608	1.25	1.47	1.57	1.25
sll1606	1.49	1.43	1.52	0.97
sll1605	0.84	0.98	1.08	1.27
sll1601	1.16	0.73	0.86	0.93
sll1600	1.28	1.04	0.87	0.98
sll1599	0.86	1.08	1.12	0.65
sll1598	1.27	1.21	1.15	0.98
sll1596	0.97	0.89	0.85	0.76
sll1595	0.85	0.83	0.81	0.71
sll1594	0.86	1.13	1.29	1.07
sll1592	0.89	1.31	1.24	1.08
sll1590	1.01	1.06	0.78	0.89
sll1586	1.24	1.49	1.49	1.15
sll1584	1.13	1.20	1.62	0.76
sll1583	0.29	0.52	1.64	0.80
sll1582	1.17	1.21	0.81	1.02
sll1581	0.55	1.04	1.61	0.92
sll1580	0.18	0.04	0.14	0.38
sll1579	0.11	0.04	0.20	0.45
sll1578	0.31	0.05	0.24	0.61
sll1577	0.16	0.06	0.30	0.57
sll1575	0.96	0.96	0.89	0.93
sll1574	0.96	0.69	0.92	0.87
sll1573	0.70	1.53	1.74	1.48
sll1572	0.92	0.75	0.67	0.90
sll1571	0.67	1.23	1.35	0.93
sll1570	0.80	0.62	0.75	0.84
sll1568	0.72	0.78	0.79	1.00
sll1566	1.05	1.17	1.15	0.93
sll1564	1.21	0.89	1.04	0.77
sll1563	1.21	1.97	2.73	1.34
sll1562	1.77	1.80	1.47	1.23
sll1561	1.08	1.19	1.07	1.05
sll1559	1.24	1.66	1.57	1.84
sll1558	1.82	1.17	1.10	1.06
sll1557	1.43	1.62	1.41	1.01
sll1556	1.17	1.23	1.35	1.05
sll1555	1.11	1.52	1.36	1.07
sll1553	1.18	1.10	1.46	1.39
sll1552	0.90	0.67	1.03	0.58
sll1550	0.85	0.49	0.88	0.99
sll1549	0.77	0.50	0.37	0.63
sll1547	0.98	1.00	1.26	0.89
sll1546	0.86	0.91	0.95	1.15
sll1545	1.03	0.85	0.71	0.71
sll1544	0.96	1.05	1.13	0.89
sll1543	0.94	0.99	0.81	0.74
sll1542	1.14	1.05	1.10	1.09
sll1541	4.27	2.79	2.01	0.97
sll1540	1.20	1.43	1.43	1.18
sll1538	1.02	1.19	1.00	0.91
sll1537	1.52	1.19	1.15	1.22
sll1536	1.11	1.21	1.34	1.35
sll1535	1.01	0.88	0.70	0.82
sll1534	1.13	1.15	1.09	1.08
sll1533	0.40	0.43	0.67	0.73
sll1532	0.73	1.14	0.93	0.88
sll1531	1.29	1.46	1.26	1.30
sll1530	1.19	1.58	1.23	1.44
sll1528	1.06	1.29	1.44	1.37
sll1527	1.40	1.34	1.24	1.18
sll1526	1.21	1.02	1.17	1.43
sll1525	1.07	1.03	1.44	1.57
sll1524	0.99	0.85	1.12	1.25
sll1522	0.56	0.53	0.84	1.02
sll1521	1.03	0.98	1.09	0.79
sll1520	0.98	0.60	0.74	0.90
sll1516	1.22	1.51	1.07	1.35
sll1515	1.49	1.58	2.19	0.68
sll1514	12.26	1.19	1.10	0.66
sll1513	1.69	1.21	1.31	0.72
sll1512	1.30	1.13	1.06	0.69
sll1511	0.93	1.64	1.78	1.23
sll1510	1.05	1.05	1.03	0.91
sll1509	0.89	1.10	1.29	0.90
sll1508	1.11	1.01	1.19	1.09
sll1507	1.39	0.85	0.86	0.79
sll1505	0.94	1.04	1.17	0.72
sll1504	1.16	1.08	0.89	0.69
sll1503	0.72	1.00	0.99	0.94
sll1502	0.88	0.70	0.79	0.72
sll1501	0.84	0.83	0.84	0.94
sll1500	0.98	1.26	1.31	1.31
sll1499	1.41	1.34	1.48	1.60
sll1498	0.91	1.13	0.94	1.06
sll1496	1.03	0.80	0.85	0.78
sll1495	1.05	1.22	1.16	1.31
sll1491	0.55	0.49	0.54	0.67
sll1489	1.04	1.12	1.07	1.15
sll1488	0.96	0.95	0.97	0.83
sll1486	0.81	0.86	0.79	0.79
sll1485	0.78	0.85	0.80	0.59
sll1484	1.20	1.04	1.12	1.00
sll1483	7.65	5.73	3.04	1.47
sll1482	1.26	1.38	1.36	0.92
sll1481	1.69	1.36	1.07	0.92
sll1479	0.88	1.14	0.83	0.61
sll1477	1.00	0.96	0.87	0.85
sll1476	1.02	1.20	1.00	0.97
sll1475	0.94	0.67	0.51	0.89
sll1473	0.88	0.61	0.55	0.64
sll1472	0.64	0.72	0.59	0.64
sll1471	0.59	0.46	0.54	0.59
sll1470	1.03	1.00	1.07	1.05
sll1469	0.84	0.82	0.77	1.08
sll1468	1.10	1.21	1.18	1.47
sll1466	0.81	0.89	0.98	1.04
sll1464	1.24	1.20	1.15	0.95
sll1463	1.28	1.02	0.90	1.15
sll1462	1.11	1.05	1.33	0.83
sll1461	0.81	0.91	0.92	0.83
sll1459	0.89	0.82	1.00	0.88
sll1457	1.03	1.24	1.21	1.29
sll1456	1.04	1.16	1.24	1.22
sll1455	1.11	0.78	0.94	0.73
sll1454	1.11	1.42	0.95	1.03
sll1453	0.90	1.24	0.69	1.05
sll1452	1.09	0.91	0.74	0.91
sll1451	1.20	1.09	0.77	0.99
sll1450	1.35	1.12	0.98	1.08
sll1447	1.05	1.09	1.35	1.13
sll1446	0.77	1.04	1.24	1.40
sll1444	1.09	0.93	1.00	0.97
sll1443	1.05	1.21	1.46	1.33
sll1442	1.31	1.08	1.33	0.69
sll1441	2.67	2.35	2.08	1.55
sll1440	1.20	1.26	1.45	1.36
sll1439	1.26	0.78	1.18	1.04
sll1435	1.41	1.49	1.38	1.27
sll1434	1.28	0.87	0.90	0.70
sll1433	1.19	1.06	1.00	1.06
sll1432	1.00	0.81	1.08	0.80
sll1430	1.06	0.95	1.14	0.97
sll1429	0.81	0.55	1.04	0.84
sll1428	0.82	1.37	1.68	1.02
sll1427	1.35	1.51	2.06	1.06
sll1426	0.99	1.24	1.26	1.08
sll1425	0.99	1.01	0.99	1.03
sll1424	1.04	1.05	1.16	1.13
sll1423	1.17	1.49	1.57	0.94
sll1418	1.10	1.13	0.80	0.94
sll1415	1.40	1.14	0.89	1.14
sll1414	1.43	2.25	2.26	1.37
sll1411	1.09	1.40	1.16	1.39
sll1409	1.49	1.45	1.53	0.45
sll1408	1.17	1.12	0.87	0.80
sll1407	1.16	0.78	0.99	0.42
sll1406	0.70	0.73	0.58	0.50
sll1405	0.98	0.93	0.42	0.59
sll1404	1.11	0.70	0.82	0.34
sll1401	1.15	0.91	1.10	0.64
sll1400	1.07	0.78	0.68	0.56
sll1399	0.76	0.74	0.55	0.82
sll1398	0.62	0.69	1.07	0.87
sll1397	1.31	1.60	1.10	1.42
sll1396	0.97	1.07	1.06	0.79
sll1395	1.84	1.96	1.31	0.79
sll1394	1.19	1.08	1.03	1.05
sll1393	1.16	0.75	0.88	1.16
sll1392	0.97	1.09	1.16	1.16
sll1390	1.17	0.84	1.05	1.08
sll1389	1.27	1.50	1.17	0.88
sll1388	1.02	1.10	1.18	0.87
sll1387	1.30	1.24	1.03	1.02
sll1386	1.12	1.71	1.57	1.56
sll1384	0.83	0.93	1.03	1.27
sll1383	1.15	1.19	1.21	1.00
sll1382	1.20	1.16	1.23	0.80
sll1381	1.15	1.18	1.51	1.24
sll1380	1.15	1.11	1.33	1.11
sll1378	0.99	0.79	0.94	0.92
sll1377	1.50	1.14	0.91	1.07
sll1376	1.32	1.20	1.09	1.21
sll1374	1.04	1.14	1.14	0.96
sll1373	1.08	1.15	1.13	1.19
sll1372	1.01	1.19	1.08	1.37
sll1371	0.91	1.02	0.88	0.99
sll1370	1.04	0.98	1.08	1.13
sll1369	1.06	1.08	0.96	1.13
sll1367	0.78	1.04	1.20	0.89
sll1366	1.24	1.51	2.34	0.91
sll1365	1.71	1.84	2.11	0.84
sll1363	0.97	1.63	2.46	1.90
sll1362	1.27	1.08	1.13	1.21
sll1360	1.07	1.06	1.02	0.83
sll1359	0.79	0.83	0.87	0.94
sll1358	0.29	0.27	0.47	0.35
sll1356	0.68	0.68	0.85	0.88
sll1355	0.86	0.85	0.84	0.70
sll1354	1.16	1.58	1.29	0.89
sll1353	1.11	0.81	0.93	0.70
sll1352	1.29	1.22	1.23	1.22
sll1350	0.98	0.97	1.13	1.16
sll1349	0.97	1.11	1.08	0.99
sll1348	1.10	1.05	0.95	1.02
sll1344	0.84	1.40	1.75	1.09
sll1343	1.07	1.05	0.97	1.12
sll1342	0.66	1.00	1.86	1.60
sll1341	0.79	0.85	0.92	0.90
sll1340	0.88	1.22	1.25	0.71
sll1338	0.53	0.81	0.68	0.42
sll1336	1.35	1.75	1.59	1.73
sll1334	1.13	1.07	0.87	0.92
sll1333	1.03	1.05	0.96	1.10
sll1330	0.83	0.71	0.62	0.53
sll1329	1.22	1.63	1.76	0.82
sll1327	0.86	1.24	1.49	1.64
sll1326	1.02	1.21	1.25	1.51
sll1325	1.01	1.22	1.49	1.78
sll1324	1.15	1.44	1.40	1.72
sll1323	0.95	1.54	1.90	2.02
sll1322	0.91	1.32	1.29	1.80
sll1321	1.17	1.19	1.09	1.43
sll1319	2.21	1.48	1.08	0.88
sll1318	1.05	1.10	0.92	0.69
sll1317	0.95	0.82	1.04	1.38
sll1316	0.69	0.74	1.04	1.36
sll1315	0.93	0.99	1.02	0.95
sll1314	0.62	0.47	0.60	0.82
sll1308	0.80	0.75	0.85	1.13
sll1307	0.30	0.31	0.36	0.66
sll1306	0.36	0.43	0.49	0.77
sll1305	0.28	0.34	0.45	0.75
sll1304	0.25	0.38	0.46	0.80
sll1300	1.05	1.33	1.41	0.76
sll1299	1.04	1.10	1.02	0.82
sll1298	0.93	1.61	1.83	0.93
sll1297	1.17	1.03	1.30	1.07
sll1296	0.98	1.37	1.18	0.74
sll1294	1.04	0.96	0.90	0.87
sll1293	1.12	1.41	1.45	0.93
sll1292	1.04	1.04	0.89	0.89
sll1291	0.69	1.16	1.30	0.87
sll1290	1.03	1.09	0.96	1.08
sll1289	0.74	1.17	1.65	1.10
sll1286	0.70	1.73	1.60	0.72
sll1285	0.76	1.24	1.38	0.96
sll1284	0.96	0.95	0.87	0.92
sll1283	0.66	1.06	1.32	0.86
sll1282	0.43	0.61	1.55	0.98
sll1281	0.48	0.38	0.62	1.09
sll1280	0.97	0.82	1.04	0.84
sll1277	1.15	1.21	1.18	1.12
sll1276	1.01	1.38	1.37	1.01
sll1275	0.92	1.14	1.37	1.35
sll1274	1.14	0.92	0.83	0.85
sll1273	1.02	1.04	1.28	1.27
sll1272	1.05	0.84	1.03	0.80
sll1271	0.69	0.95	1.01	0.98
sll1270	0.49	0.47	0.56	0.70
sll1268	0.78	1.19	0.90	0.72
sll1267	0.92	1.28	0.70	0.90
sll1265	1.09	1.01	1.11	0.98
sll1263	0.79	0.66	0.87	1.04
sll1262	1.26	0.86	1.18	1.00
sll1261	1.38	2.06	2.01	2.33
sll1260	1.42	2.14	2.06	2.41
sll1258	0.79	0.73	0.81	0.83
sll1254	1.24	1.15	0.91	0.99
sll1253	0.96	1.00	0.73	0.84
sll1252	1.39	1.00	1.00	0.95
sll1251	1.05	0.98	0.97	0.89
sll1250	1.02	1.25	1.23	0.94
sll1249	1.16	1.36	1.26	1.44
sll1247	0.90	0.77	0.82	0.65
sll1245	1.61	1.59	1.35	1.11
sll1244	1.42	1.32	1.45	1.14
sll1242	0.94	1.23	1.34	1.22
sll1241	0.99	0.83	2.00	0.80
sll1240	0.94	1.01	1.01	0.80
sll1239	0.64	0.82	1.69	1.06
sll1237	1.31	1.05	1.26	1.10
sll1236	0.95	1.05	0.91	0.74
sll1234	1.33	1.24	1.58	1.11
sll1233	1.06	1.22	1.10	0.76
sll1232	1.21	1.68	1.38	1.05
sll1231	1.33	0.96	1.36	0.97
sll1229	1.59	1.38	1.93	0.80
sll1228	1.20	1.05	1.08	0.88
sll1226	0.94	0.90	1.01	1.08
sll1225	1.13	1.09	0.89	1.11
sll1224	1.37	1.92	1.88	0.87
sll1223	0.85	0.72	0.68	0.81
sll1222	1.20	1.33	1.29	0.67
sll1221	0.96	0.87	0.82	0.88
sll1220	0.85	0.78	0.87	0.91
sll1219	1.41	1.12	1.17	1.15
sll1218	0.97	0.82	0.76	0.93
sll1217	1.15	0.95	0.94	1.04
sll1214	0.34	0.32	0.42	0.93
sll1213	1.30	0.96	1.13	1.44
sll1212	1.34	1.23	0.97	1.42
sll1209	0.82	0.95	0.61	0.90
sll1206	1.11	1.66	1.67	1.06
sll1205	1.31	0.80	1.22	0.82
sll1204	1.28	0.85	1.01	0.73
sll1203	1.02	1.49	0.93	0.70
sll1202	0.75	0.83	0.90	0.69
sll1201	0.59	1.02	0.99	0.86
sll1200	1.28	0.89	0.89	0.79
sll1198	0.41	0.42	0.43	0.94
sll1196	0.50	0.48	0.89	0.57
sll1194	0.47	0.73	0.63	0.47
sll1193	1.07	0.94	0.96	0.95
sll1192	1.26	1.44	1.55	1.31
sll1191	0.97	1.02	0.80	0.76
sll1189	1.15	1.23	1.51	1.08
sll1188	1.10	1.04	1.16	1.01
sll1187	0.69	0.72	0.73	1.35
sll1186	0.46	0.38	0.62	0.80
sll1185	0.18	0.22	0.38	1.27
sll1184	0.41	0.26	0.47	0.69
sll1182	1.27	1.13	1.11	0.85
sll1181	0.91	0.80	1.03	0.97
sll1180	1.29	1.34	1.43	1.03
sll1178	1.02	1.05	0.98	1.32
sll1174	1.03	1.16	1.10	0.90
sll1173	1.10	1.14	0.86	0.98
sll1172	1.21	1.58	1.31	1.74
sll1170	1.54	1.18	1.00	0.97
sll1169	0.90	0.66	0.51	0.69
sll1167	1.17	0.92	1.02	0.88
sll1166	1.67	1.22	1.15	1.12
sll1165	1.41	1.71	1.52	1.49
sll1164	0.81	1.29	1.22	1.27
sll1163	1.24	1.07	1.32	0.80
sll1162	1.32	1.19	1.06	0.85
sll1161	1.58	1.45	1.19	1.14
sll1160	0.98	0.87	0.98	0.94
sll1159	1.63	1.45	1.16	1.02
sll1158	1.24	1.16	1.10	1.18
sll1157	1.06	1.19	1.43	1.01
sll1156	1.36	1.97	2.01	1.21
sll1155	1.25	1.13	1.06	0.85
sll1154	1.19	1.33	1.09	1.13
sll1151	0.63	0.81	0.76	0.63
sll1150	1.08	1.04	0.80	0.82
sll1147	1.13	1.08	1.11	1.05
sll1144	1.12	1.28	1.16	1.03
sll1143	1.60	1.45	1.20	0.89
sll1142	1.02	0.89	0.87	0.85
sll1138	0.93	0.89	1.03	1.08
sll1135	0.88	1.03	0.99	1.05
sll1132	1.12	1.11	1.09	1.07
sll1131	1.16	1.10	1.17	1.18
sll1130	0.99	1.55	1.77	1.66
sll1129	1.23	1.21	1.34	0.99
sll1127	0.80	0.77	0.92	0.75
sll1124	1.14	1.65	1.08	1.35
sll1123	1.17	1.29	1.07	0.97
sll1121	0.94	1.25	1.08	1.05
sll1120	0.91	0.92	0.89	0.75
sll1119	1.10	0.78	0.63	0.81
sll1118	0.94	0.96	1.17	0.87
sll1112	1.48	1.65	1.96	0.88
sll1110	0.88	0.94	1.10	1.14
sll1109	1.17	1.32	1.26	1.72
sll1108	1.20	0.89	1.05	1.17
sll1107	1.06	0.87	0.92	0.84
sll1106	1.87	0.84	0.97	0.75
sll1104	0.98	1.31	1.12	1.16
sll1103	0.89	0.96	1.14	0.90
sll1102	0.92	1.10	0.99	1.19
sll1101	1.97	2.57	2.42	2.42
sll1099	1.38	2.28	1.69	2.27
sll1098	1.35	1.65	1.42	1.54
sll1097	1.56	3.09	2.44	2.64
sll1096	2.21	3.98	2.83	3.50
sll1095	1.09	1.46	1.30	1.26
sll1092	0.51	0.68	0.60	0.50
sll1091	0.22	0.24	0.48	1.06
sll1089	1.48	1.32	1.14	1.24
sll1087	1.00	1.25	1.60	1.20
sll1086	0.65	0.99	0.88	0.66
sll1085	1.04	1.16	1.32	0.84
sll1084	1.02	1.33	1.04	1.30
sll1082	0.86	1.55	1.86	1.15
sll1081	0.87	0.91	0.83	0.92
sll1080	0.49	0.76	1.02	0.95
sll1079	0.76	0.77	0.80	0.98
sll1078	0.90	1.11	1.30	0.61
sll1077	0.44	0.70	1.42	0.76
sll1076	1.10	1.16	0.99	1.07
sll1074	0.92	1.41	1.19	1.35
sll1072	1.28	1.15	1.18	0.90
sll1071	2.07	2.10	1.55	1.15
sll1070	1.56	1.29	1.16	1.17
sll1069	1.48	1.71	1.60	1.71
sll1068	1.10	1.12	0.79	0.91
sll1064	0.97	1.00	1.08	0.92
sll1063	1.11	0.87	1.22	0.67
sll1062	0.83	0.85	1.01	0.63
sll1061	1.07	0.91	0.99	0.84
sll1060	1.14	1.38	1.06	1.11
sll1059	1.14	0.97	1.08	0.63
sll1058	0.85	0.92	0.92	1.04
sll1057	1.05	1.20	1.29	0.88
sll1056	0.96	0.81	0.91	0.64
sll1054	1.02	0.88	0.95	0.83
sll1053	1.31	1.17	0.98	0.96
sll1052	1.07	1.03	1.17	0.84
sll1051	1.14	1.13	1.10	0.97
sll1049	1.36	0.88	1.35	0.69
sll1045	1.15	1.35	1.31	0.80
sll1043	1.23	1.70	2.20	2.29
sll1041	1.78	1.47	1.02	0.99
sll1040	1.13	1.29	1.22	0.90
sll1039	0.86	1.04	0.93	0.79
sll1037	1.29	1.37	1.44	1.08
sll1036	1.39	0.86	1.18	0.77
sll1035	0.85	1.07	1.00	1.07
sll1033	1.55	1.53	1.37	1.44
sll1032	5.93	4.74	2.38	2.58
sll1031	4.76	2.57	2.33	2.47
sll1030	2.41	1.25	0.87	1.16
sll1029	5.19	2.85	2.53	2.80
sll1028	6.40	2.85	2.21	2.67
sll1027	0.59	0.78	1.41	0.99
sll1025	0.93	0.89	0.57	0.55
sll1024	0.85	0.96	1.02	0.84
sll1023	1.32	0.98	0.84	0.64
sll1022	1.37	1.24	1.20	0.80
sll1021	0.60	0.54	0.48	0.42
sll1020	0.81	0.92	0.89	0.72
sll1019	1.83	1.98	1.64	0.87
sll1018	0.75	1.30	0.84	0.85
sll1017	0.75	0.90	0.72	0.61
sll1011	1.24	1.05	0.83	1.03
sll1009	0.26	0.38	0.77	0.39
sll1006	1.05	0.86	1.05	0.80
sll1005	1.00	1.41	1.35	1.11
sll1004	0.97	1.13	1.24	1.15
sll1003	1.51	1.27	2.01	0.91
sll1002	1.43	1.11	0.90	0.85
sll1001	1.95	1.43	1.63	0.89
sll0998	1.16	1.11	0.94	1.13
sll0997	0.85	0.89	0.75	0.95
sll0996	1.13	1.76	1.79	1.24
sll0995	1.10	0.90	0.85	0.81
sll0994	0.94	0.77	1.10	0.76
sll0993	0.81	2.09	1.79	0.91
sll0992	0.93	0.93	0.80	0.96
sll0990	1.07	1.90	1.73	0.96
sll0986	1.06	1.63	1.76	0.86
sll0985	0.76	0.74	0.99	0.98
sll0984	0.94	1.14	0.74	0.73
sll0983	1.05	1.11	0.64	0.97
sll0982	1.00	0.99	0.81	0.77
sll0981	1.03	1.44	1.54	0.77
sll0980	0.81	1.30	1.08	0.74
sll0947	0.26	0.26	0.74	0.69
sll0945	1.42	0.98	0.98	1.14
sll0944	0.31	0.26	0.45	0.61
sll0943	1.14	0.83	1.20	0.93
sll0939	1.55	1.44	1.57	0.77
sll0938	1.91	2.28	1.69	1.43
sll0936	1.49	1.17	1.36	1.40
sll0934	0.78	1.67	1.73	1.14
sll0933	1.24	2.96	2.86	2.24
sll0932	1.02	1.10	1.05	1.19
sll0931	1.06	1.24	1.05	1.03
sll0930	0.70	1.05	1.01	1.27
sll0928	0.81	1.07	0.95	1.35
sll0927	2.98	2.50	1.88	2.65
sll0926	1.39	1.16	0.93	1.07
sll0925	1.59	1.25	0.98	1.12
sll0924	1.48	1.33	1.66	0.94
sll0923	0.91	0.66	0.68	0.54
sll0922	0.86	1.19	1.28	0.65
sll0921	1.00	0.77	1.24	0.99
sll0920	0.92	0.91	0.91	1.11
sll0916	1.34	1.57	1.23	1.24
sll0915	1.19	1.09	1.11	0.96
sll0914	0.91	0.93	1.02	0.85
sll0913	0.87	1.13	1.26	1.13
sll0912	1.13	1.27	1.37	0.98
sll0911	1.05	1.19	1.23	0.87
sll0910	1.05	0.98	1.48	1.00
sll0909	0.92	0.98	1.41	0.82
sll0905	1.13	1.08	1.03	0.92
sll0902	1.00	1.08	0.90	1.19
sll0901	0.69	0.66	0.83	1.06
sll0900	1.12	1.40	1.34	1.30
sll0899	1.10	1.09	1.37	1.50
sll0898	1.84	1.52	1.69	1.07
sll0897	2.37	1.66	1.36	1.59
sll0896	1.03	1.18	1.27	1.18
sll0895	1.18	1.19	1.26	1.25
sll0892	1.07	1.17	1.12	0.89
sll0891	0.81	0.97	0.95	0.97
sll0888	1.59	1.76	1.68	1.33
sll0887	1.56	1.37	1.35	1.24
sll0886	1.16	1.17	1.07	1.12
sll0877	1.04	1.35	1.56	1.19
sll0876	1.13	0.92	0.84	0.75
sll0875	1.07	1.93	1.68	1.32
sll0873	1.46	1.33	1.51	1.11
sll0872	0.79	0.95	1.08	0.55
sll0871	0.98	0.78	0.86	0.69
sll0869	0.93	1.11	1.05	0.75
sll0868	1.05	1.18	0.95	1.10
sll0867	1.24	1.07	0.98	0.85
sll0865	0.90	0.96	1.06	0.88
sll0864	1.14	1.07	1.36	0.59
sll0863	1.00	1.05	1.05	0.90
sll0862	0.96	1.05	1.16	1.05
sll0861	1.02	1.03	1.11	1.15
sll0860	1.33	1.10	1.03	0.88
sll0858	0.89	1.09	1.12	0.94
sll0857	0.79	0.93	0.97	0.84
sll0856	0.91	0.70	0.80	0.66
sll0855	1.02	1.24	1.07	0.92
sll0854	1.53	1.62	1.09	1.26
sll0853	0.85	1.26	1.08	1.33
sll0851	0.94	0.46	0.62	0.72
sll0849	0.91	0.55	0.61	0.80
sll0848	1.08	1.20	0.75	0.76
sll0847	0.74	1.17	0.97	1.05
sll0846	5.59	1.03	1.00	0.65
sll0844	1.06	1.19	1.10	1.18
sll0843	0.88	0.83	0.76	0.63
sll0842	0.92	0.80	0.80	0.73
sll0839	1.38	1.27	1.02	1.02
sll0838	1.21	1.98	1.49	1.29
sll0837	1.16	1.19	1.11	1.22
sll0834	0.98	1.01	1.16	1.00
sll0833	0.92	1.03	1.13	1.06
sll0832	0.98	0.98	1.29	0.70
sll0830	0.60	0.62	1.15	0.68
sll0829	0.88	1.05	1.42	0.94
sll0828	1.21	1.09	0.99	1.19
sll0827	1.07	1.15	1.32	1.22
sll0825	1.09	1.04	1.04	1.10
sll0823	1.02	1.10	1.27	1.29
sll0822	1.47	1.35	0.88	1.35
sll0821	0.91	1.14	1.26	1.11
sll0819	0.21	0.11	0.32	0.51
sll0818	1.34	1.12	1.17	1.04
sll0817	1.89	1.58	1.90	0.98
sll0816	1.32	1.28	0.93	0.99
sll0815	2.08	3.26	2.37	0.92
sll0814	3.83	2.33	1.62	1.14
sll0813	1.35	1.79	1.68	1.56
sll0812	1.27	1.09	1.27	1.08
sll0811	1.11	1.17	1.08	1.06
sll0810	1.18	1.06	1.06	0.82
sll0809	1.24	1.32	1.11	1.51
sll0808	1.87	1.26	1.33	0.94
sll0807	1.16	0.73	0.87	0.80
sll0804	0.94	1.21	1.16	1.16
sll0803	1.15	0.84	1.01	0.82
sll0802	0.78	0.78	0.90	1.12
sll0800	1.13	0.90	0.88	0.66
sll0798	1.15	1.18	1.40	1.04
sll0797	1.09	1.13	1.00	0.85
sll0794	1.35	1.35	1.58	1.04
sll0793	1.05	0.94	0.74	0.49
sll0792	1.07	1.08	0.97	0.86
sll0790	1.36	1.11	1.22	0.80
sll0789	1.53	1.49	1.59	1.13
sll0788	1.64	1.25	1.14	1.00
sll0787	1.42	1.19	1.18	0.65
sll0786	1.14	0.98	0.86	0.76
sll0785	1.01	1.83	1.40	0.81
sll0784	0.95	1.07	0.87	0.92
sll0783	0.66	1.29	0.82	0.72
sll0782	0.92	1.02	1.30	0.94
sll0781	0.63	0.77	0.93	0.86
sll0780	0.59	0.90	1.06	0.88
sll0779	1.28	1.50	1.41	0.67
sll0778	0.88	0.95	0.88	0.79
sll0777	0.85	0.93	1.09	0.85
sll0776	0.96	0.67	0.86	0.71
sll0775	0.79	0.59	0.76	0.52
sll0772	0.60	0.76	1.07	0.75
sll0771	0.59	0.51	0.70	0.87
sll0767	1.07	1.82	1.32	1.30
sll0766	1.02	0.97	0.90	0.96
sll0765	0.90	1.45	1.47	1.04
sll0764	0.88	0.76	0.68	0.81
sll0763	1.18	1.41	1.26	0.79
sll0762	1.21	1.34	1.24	0.84
sll0761	0.97	0.94	1.11	1.01
sll0760	1.00	1.20	1.18	0.97
sll0759	2.44	2.30	1.42	1.32
sll0757	1.10	1.12	0.95	1.05
sll0756	0.95	1.51	1.32	1.03
sll0755	0.92	1.04	0.80	0.98
sll0754	0.60	0.70	0.79	0.69
sll0753	1.24	0.76	1.13	1.28
sll0752	0.87	1.00	0.94	1.08
sll0751	0.73	0.92	1.11	0.95
sll0750	0.79	1.07	1.25	0.95
sll0749	0.90	0.99	0.79	0.89
sll0745	1.02	1.47	1.62	0.86
sll0744	0.85	0.85	0.75	0.71
sll0743	1.15	0.99	0.79	0.88
sll0742	0.83	0.91	0.83	0.66
sll0741	1.08	1.18	1.17	0.80
sll0740	1.04	0.84	0.75	0.85
sll0739	1.36	1.19	1.70	0.98
sll0738	1.03	1.23	1.03	1.10
sll0737	0.85	1.15	1.52	1.32
sll0736	1.23	1.18	1.11	0.85
sll0735	1.14	0.99	1.10	1.15
sll0733	0.56	0.65	0.67	0.94
sll0732	1.03	0.86	0.89	0.89
sll0729	0.93	1.01	1.03	1.15
sll0728	1.16	1.01	1.31	0.99
sll0727	1.33	1.32	1.31	1.19
sll0726	0.85	0.68	0.97	1.25
sll0723	1.25	0.99	1.22	0.87
sll0722	0.91	1.10	1.06	1.17
sll0721	1.35	1.32	1.02	0.88
sll0720	1.46	0.99	0.95	0.67
sll0716	1.21	0.89	1.42	0.98
sll0712	1.11	0.92	1.17	1.12
sll0711	0.95	1.10	1.19	1.26
sll0710	1.49	0.91	1.78	0.76
sll0709	1.29	1.55	2.46	1.08
sll0708	1.28	1.47	1.27	0.59
sll0704	1.32	1.09	1.02	0.76
sll0703	1.00	0.84	1.06	0.90
sll0702	1.39	1.12	1.21	0.81
sll0698	1.07	0.92	1.07	0.71
sll0696	1.24	0.92	1.06	1.03
sll0691	1.04	0.85	1.10	1.00
sll0690	1.16	1.17	1.01	0.98
sll0689	1.27	1.16	1.21	1.05
sll0688	1.83	1.02	1.61	0.94
sll0687	1.13	1.08	0.97	0.88
sll0686	1.15	1.13	1.49	1.05
sll0685	1.13	0.98	0.90	0.63
sll0684	1.28	1.47	1.45	1.04
sll0683	1.49	1.53	1.56	1.22
sll0682	1.36	1.73	1.53	1.15
sll0681	1.48	1.48	1.40	1.38
sll0680	1.28	1.58	1.67	1.64
sll0679	1.26	1.48	1.23	1.20
sll0678	0.98	1.15	1.69	0.65
sll0676	0.88	0.92	0.88	0.88
sll0672	1.34	1.23	1.25	0.81
sll0671	1.43	1.18	0.98	0.70
sll0670	0.72	0.69	0.76	1.01
sll0669	1.26	1.39	1.32	1.13
sll0668	2.28	1.56	1.13	1.45
sll0664	1.55	1.24	1.38	0.86
sll0662	0.81	1.06	1.15	0.75
sll0661	0.79	0.60	0.53	0.56
sll0660	0.87	0.75	0.86	0.91
sll0659	1.33	1.05	1.08	0.92
sll0658	1.26	1.55	1.40	1.15
sll0657	1.10	1.36	1.51	1.20
sll0656	0.69	1.06	1.70	0.97
sll0654	1.04	0.91	0.95	0.73
sll0649	0.71	1.02	1.03	0.69
sll0648	0.82	0.92	0.74	0.80
sll0647	1.35	1.73	1.12	0.89
sll0646	1.20	0.98	0.98	0.70
sll0645	0.82	1.21	0.90	0.77
sll0644	0.99	0.93	0.67	0.68
sll0643	1.07	1.10	0.93	0.73
sll0641	0.89	1.03	0.90	0.68
sll0640	1.23	0.78	0.57	0.70
sll0639	0.99	1.18	1.16	0.98
sll0638	0.65	1.03	1.13	0.97
sll0635	1.08	1.12	0.94	1.07
sll0634	1.08	1.45	1.62	1.05
sll0631	1.32	2.17	2.21	1.05
sll0630	1.62	2.16	1.67	1.79
sll0629	0.78	2.62	2.34	2.00
sll0626	1.03	0.90	1.07	0.87
sll0625	0.69	0.93	1.52	0.94
sll0624	0.87	1.14	0.86	0.91
sll0623	0.86	1.00	1.55	0.91
sll0622	0.99	0.73	1.06	1.14
sll0621	0.91	1.45	1.72	0.95
sll0617	0.92	0.68	0.87	0.72
sll0616	1.17	1.01	1.08	0.93
sll0615	1.26	1.05	0.99	1.18
sll0614	1.02	1.02	1.14	0.72
sll0613	1.02	1.06	1.18	0.97
sll0611	0.99	1.09	0.88	0.53
sll0609	0.89	1.10	0.89	0.91
sll0608	1.14	1.36	1.31	0.96
sll0606	1.04	1.02	1.10	1.05
sll0603	1.00	0.90	1.12	1.02
sll0602	0.94	0.84	1.02	0.98
sll0601	0.93	0.87	1.12	1.04
sll0597	0.97	1.50	1.07	0.97
sll0596	1.17	0.92	0.91	0.85
sll0595	0.97	1.04	1.04	0.79
sll0594	0.97	1.23	1.34	1.26
sll0593	0.89	1.03	0.87	0.95
sll0590	1.38	0.96	0.73	0.70
sll0588	0.63	0.61	0.43	0.40
sll0587	1.17	1.32	1.21	1.16
sll0586	1.26	1.03	1.05	0.93
sll0585	0.90	1.14	1.55	1.18
sll0584	0.80	0.66	0.78	0.61
sll0578	0.93	1.14	1.13	0.81
sll0577	0.98	1.48	1.43	1.22
sll0576	1.16	1.40	1.54	2.16
sll0575	1.02	1.93	2.09	1.54
sll0574	0.97	1.10	1.01	1.11
sll0573	1.63	1.38	1.19	0.67
sll0572	0.83	1.43	1.60	0.53
sll0569	1.04	1.07	1.23	1.44
sll0567	0.97	1.56	1.58	0.86
sll0565	1.14	0.99	1.20	0.97
sll0564	1.05	0.97	1.01	1.47
sll0563	1.28	1.09	1.47	0.69
sll0558	1.05	0.85	1.03	0.82
sll0556	1.04	1.07	0.92	0.73
sll0555	1.12	1.05	1.12	1.21
sll0554	0.91	1.22	1.50	1.22
sll0553	1.03	1.07	1.10	0.82
sll0552	1.35	1.40	1.32	1.26
sll0550	1.05	0.89	0.96	0.94
sll0549	1.68	1.58	1.30	0.90
sll0547	0.66	0.64	1.07	0.81
sll0546	0.88	0.90	1.08	0.90
sll0545	0.84	1.18	1.27	1.31
sll0544	0.76	1.12	1.25	1.05
sll0543	0.23	0.17	0.20	0.21
sll0542	0.71	0.84	1.30	1.27
sll0541	0.88	0.77	0.55	0.53
sll0540	0.90	1.23	1.22	1.22
sll0539	1.15	1.01	1.05	0.73
sll0537	1.05	1.07	0.98	1.02
sll0536	0.72	1.18	0.87	0.64
sll0535	0.98	1.01	1.07	1.11
sll0534	1.07	2.26	2.26	1.07
sll0533	1.41	2.83	2.18	2.56
sll0529	0.96	1.75	2.53	1.04
sll0528	12.95	1.43	1.07	0.78
sll0525	1.05	1.25	1.48	0.96
sll0524	1.20	1.44	1.03	1.03
sll0522	2.05	1.48	0.83	0.95
sll0521	2.42	1.39	0.93	1.24
sll0520	2.03	1.40	1.64	1.34
sll0519	1.65	1.23	0.91	1.28
sll0518	1.21	1.13	0.92	1.60
sll0517	1.31	2.11	2.58	1.33
sll0514	1.17	2.05	1.80	0.94
sll0513	0.82	1.19	1.41	1.12
sll0509	1.34	0.96	0.94	1.15
sll0508	0.87	0.93	1.71	0.95
sll0507	1.10	1.53	2.24	1.06
sll0506	1.25	1.33	0.97	1.43
sll0505	0.91	1.16	1.38	0.91
sll0504	1.04	1.02	0.95	1.10
sll0503	0.99	0.97	0.95	0.92
sll0502	1.27	1.13	1.48	1.40
sll0501	1.11	1.38	1.52	0.76
sll0499	0.96	2.26	3.28	1.03
sll0498	0.81	0.95	0.88	0.84
sll0497	1.08	1.35	2.17	0.84
sll0496	1.23	1.60	2.03	1.11
sll0495	1.32	1.03	1.17	1.36
sll0494	1.41	1.41	1.23	1.04
sll0493	0.82	0.89	0.82	1.21
sll0489	1.52	1.08	0.92	0.92
sll0488	1.26	1.22	1.01	0.96
sll0487	0.78	1.07	0.97	1.02
sll0486	0.99	0.96	1.61	0.85
sll0485	0.94	0.89	0.82	0.99
sll0484	1.00	1.20	1.31	1.03
sll0482	0.98	1.06	0.95	0.95
sll0481	1.56	1.30	1.18	0.93
sll0480	0.96	1.20	1.49	1.39
sll0479	0.70	1.05	1.31	1.00
sll0478	1.66	0.98	0.59	0.65
sll0477	1.00	0.78	0.48	0.69
sll0474	0.94	1.10	0.97	0.90
sll0473	0.85	0.85	0.68	0.69
sll0471	0.99	1.92	1.31	1.10
sll0470	1.15	1.53	0.77	0.75
sll0469	0.98	0.94	0.87	0.93
sll0467	1.17	1.28	0.86	0.98
sll0462	1.01	1.28	1.13	1.03
sll0461	0.98	1.05	1.08	0.92
sll0459	1.08	0.89	1.11	0.85
sll0456	1.21	1.34	1.43	1.19
sll0455	1.00	1.15	1.25	1.15
sll0454	0.92	1.56	1.63	1.58
sll0451	0.92	0.98	0.83	0.60
sll0450	0.96	1.09	1.24	0.83
sll0449	1.30	1.05	1.41	0.63
sll0448	0.82	1.15	0.79	0.71
sll0447	1.30	1.32	1.31	0.65
sll0446	1.02	1.11	1.35	1.23
sll0445	1.76	1.30	1.21	1.08
sll0444	0.71	0.83	1.34	0.62
sll0443	0.60	0.62	0.95	0.82
sll0442	1.12	1.07	1.11	0.98
sll0441	0.65	0.60	1.73	1.06
sll0436	0.89	1.01	1.03	0.78
sll0430	6.25	1.92	1.29	1.37
sll0428	1.87	1.08	1.05	0.96
sll0427	0.51	0.42	0.44	0.83
sll0426	0.82	1.07	0.94	0.76
sll0424	1.05	0.88	0.85	0.87
sll0423	1.03	0.74	0.85	0.74
sll0422	1.09	2.04	1.86	1.94
sll0421	0.88	1.70	2.02	2.27
sll0420	0.98	0.73	1.05	0.69
sll0419	1.01	1.05	0.93	0.94
sll0418	1.16	1.06	0.96	0.97
sll0416	4.67	3.62	2.00	2.02
sll0415	1.86	1.61	1.87	1.04
sll0414	1.43	1.08	1.07	1.21
sll0413	1.45	1.15	1.08	1.21
sll0412	1.30	1.94	1.98	0.91
sll0410	1.37	0.97	0.88	0.89
sll0409	1.18	1.01	0.91	0.94
sll0408	0.70	1.40	2.14	1.16
sll0406	1.09	1.09	0.89	0.78
sll0405	1.16	1.09	0.86	1.11
sll0404	1.03	1.51	1.51	0.99
sll0403	1.13	0.89	0.91	0.76
sll0402	1.06	1.51	2.27	0.93
sll0401	0.83	0.85	0.77	0.86
sll0400	0.73	1.26	1.46	1.18
sll0398	0.97	0.97	1.28	1.12
sll0397	1.03	1.19	1.35	1.18
sll0396	1.12	0.90	1.27	0.97
sll0395	0.94	1.05	0.95	1.18
sll0394	0.97	0.73	1.03	0.89
sll0385	1.11	1.17	0.86	0.98
sll0384	1.12	0.99	0.98	1.01
sll0383	0.68	1.53	1.37	1.15
sll0382	0.74	1.01	0.88	0.99
sll0381	1.09	1.07	1.21	1.18
sll0380	0.89	1.13	1.05	1.20
sll0379	1.25	1.35	1.00	1.25
sll0378	0.87	1.08	1.11	1.32
sll0377	1.11	0.94	1.17	1.00
sll0376	0.79	1.07	1.28	0.68
sll0374	1.10	1.07	1.10	1.02
sll0373	1.04	1.55	1.39	1.26
sll0372	1.10	1.09	1.30	1.23
sll0371	0.96	0.98	1.32	1.01
sll0370	0.84	0.83	1.17	1.03
sll0369	1.11	1.17	0.70	0.81
sll0368	1.03	1.01	1.04	1.01
sll0364	1.26	1.22	0.98	0.70
sll0362	1.41	1.29	1.24	1.03
sll0361	1.31	1.68	1.84	1.09
sll0360	1.32	1.48	1.33	1.07
sll0359	0.97	0.94	0.84	0.60
sll0356	1.33	1.12	1.08	0.90
sll0355	1.40	2.02	1.23	0.75
sll0354	0.98	1.19	0.83	0.90
sll0350	1.23	2.05	1.35	1.19
sll0337	1.55	1.60	1.73	0.98
sll0336	1.14	1.02	0.90	1.14
sll0335	1.63	1.66	1.47	0.90
sll0330	1.49	2.00	1.40	1.01
sll0329	1.02	0.63	0.62	0.57
sll0328	0.77	0.69	0.67	0.49
sll0327	0.50	0.47	0.56	0.51
sll0325	0.69	1.06	1.37	0.86
sll0322	3.22	2.43	2.69	2.30
sll0321	0.92	0.83	0.93	0.96
sll0320	0.79	0.89	1.03	1.68
sll0319	0.79	1.21	1.77	1.35
sll0318	1.02	1.03	0.92	1.00
sll0314	0.83	1.08	1.17	0.90
sll0312	1.98	1.53	2.73	1.11
sll0310	1.39	1.05	1.03	0.86
sll0309	0.70	1.10	1.50	0.87
sll0306	1.64	0.98	0.69	0.77
sll0301	0.97	0.51	0.71	0.63
sll0300	1.25	1.45	1.20	0.93
sll0298	1.06	0.84	0.80	0.94
sll0297	0.95	0.93	1.14	1.04
sll0296	1.42	1.07	1.02	1.01
sll0295	0.98	0.90	1.07	1.37
sll0294	0.65	0.91	1.23	1.11
sll0293	1.14	1.32	0.92	1.00
sll0290	1.03	0.97	1.13	0.93
sll0289	0.85	1.04	1.02	1.18
sll0288	1.27	1.15	0.96	0.83
sll0286	0.96	0.98	0.78	0.71
sll0284	1.02	0.91	0.96	0.72
sll0283	0.77	0.75	1.02	0.68
sll0282	1.23	1.12	1.32	0.82
sll0281	1.08	0.87	0.90	0.81
sll0280	0.97	1.20	1.33	1.02
sll0274	0.76	0.86	0.99	1.10
sll0273	1.67	1.31	1.22	0.89
sll0272	0.97	0.66	0.85	0.83
sll0271	0.89	0.63	0.91	0.96
sll0270	1.18	1.11	0.94	0.95
sll0269	1.30	1.04	1.02	0.81
sll0268	1.04	0.73	1.04	0.74
sll0267	1.08	1.09	1.02	1.19
sll0266	1.15	1.18	1.19	0.93
sll0265	1.41	1.21	1.81	0.92
sll0264	1.23	1.11	1.14	0.75
sll0263	1.57	1.69	1.76	1.11
sll0262	1.83	1.77	1.05	1.38
sll0261	1.09	1.10	1.26	0.74
sll0260	1.32	1.50	1.20	1.04
sll0258	0.36	0.31	0.65	0.91
sll0257	1.43	1.39	1.26	0.81
sll0254	1.25	1.02	0.97	0.92
sll0253	0.93	0.99	0.99	0.71
sll0252	1.13	1.48	1.31	1.10
sll0250	1.19	1.22	1.04	0.76
sll0249	1.83	1.25	1.34	0.63
sll0248	1.02	1.07	0.59	0.47
sll0247	0.78	0.77	0.40	0.37
sll0245	1.33	1.46	0.82	1.02
sll0244	0.96	1.42	1.32	1.21
sll0243	0.97	0.96	0.82	0.85
sll0242	0.73	1.15	1.32	0.87
sll0241	1.00	0.92	0.76	0.90
sll0240	1.08	1.34	1.60	1.10
sll0238	1.07	0.94	0.67	0.46
sll0237	0.90	0.91	0.60	0.45
sll0236	1.33	1.31	0.95	1.18
sll0230	0.96	0.73	0.68	0.75
sll0228	1.14	1.66	1.26	1.08
sll0227	1.49	1.48	1.52	1.57
sll0226	1.24	1.39	1.27	1.38
sll0225	1.00	1.23	1.36	1.22
sll0224	0.71	0.74	1.19	1.30
sll0223	2.13	0.96	0.83	1.02
sll0222	0.98	1.24	1.26	1.81
sll0221	1.07	1.08	0.88	1.03
sll0220	1.40	1.05	0.89	0.92
sll0219	9.12	1.19	0.81	0.63
sll0218	12.63	1.28	1.19	0.74
sll0217	6.06	1.52	1.51	1.04
sll0216	1.60	1.35	1.10	1.11
sll0210	1.64	2.44	1.84	0.87
sll0209	0.84	1.56	1.56	1.22
sll0208	1.29	1.33	0.85	1.07
sll0207	0.86	1.50	1.57	1.07
sll0205	0.96	1.00	0.85	1.02
sll0204	0.69	1.57	1.75	1.51
sll0202	1.41	1.48	1.92	0.83
sll0199	0.80	0.85	0.85	1.02
sll0198	1.33	1.05	0.96	0.88
sll0195	1.22	1.43	1.25	1.25
sll0194	3.02	1.96	1.66	1.00
sll0192	0.99	1.22	1.51	0.92
sll0191	2.61	1.57	1.94	0.96
sll0189	0.93	1.32	0.64	0.63
sll0188	1.57	1.22	1.21	1.17
sll0185	1.43	2.27	1.19	0.82
sll0184	0.99	1.11	1.03	0.74
sll0183	0.74	0.77	0.77	0.63
sll0182	1.00	1.10	1.23	1.11
sll0181	0.84	1.02	0.97	1.03
sll0180	0.50	0.63	0.89	0.81
sll0179	1.04	1.20	1.07	1.17
sll0178	1.04	1.00	1.14	0.94
sll0177	0.96	1.26	1.28	1.18
sll0176	0.67	1.24	0.64	0.72
sll0175	0.99	0.97	0.71	0.79
sll0174	1.18	1.02	1.18	0.97
sll0173	0.65	0.66	0.63	0.86
sll0172	0.93	0.75	0.67	0.70
sll0171	1.23	1.62	1.50	0.79
sll0170	6.35	2.05	0.88	1.03
sll0169	0.71	0.90	0.79	0.52
sll0168	0.77	1.09	0.66	0.54
sll0167	0.93	0.75	0.80	0.73
sll0166	1.05	0.84	0.86	1.14
sll0163	0.87	1.32	1.54	1.14
sll0162	0.97	0.99	1.20	0.85
sll0160	1.61	2.27	1.61	1.15
sll0158	1.62	1.23	1.02	1.44
sll0157	1.37	1.61	1.61	1.09
sll0156	0.69	1.10	1.31	1.27
sll0154	1.42	1.53	1.58	1.71
sll0149	1.33	1.27	1.16	1.17
sll0148	0.99	1.13	1.25	0.78
sll0147	1.10	1.27	1.76	1.26
sll0146	0.88	1.38	1.28	1.31
sll0145	0.91	1.12	1.09	1.41
sll0144	1.05	1.45	1.50	1.76
sll0142	1.21	1.49	1.23	0.97
sll0141	1.68	1.48	1.04	0.86
sll0136	0.85	1.21	1.23	1.11
sll0135	1.19	1.90	1.43	1.56
sll0109	0.80	0.77	0.85	0.80
sll0108	0.54	0.83	0.45	0.77
sll0107	1.34	1.80	1.47	1.03
sll0103	0.67	0.75	0.91	0.81
sll0102	0.96	1.10	1.29	0.97
sll0101	1.11	1.10	1.03	0.72
sll0100	1.12	1.01	0.94	0.78
sll0099	1.34	1.05	1.39	0.88
sll0098	1.01	1.06	0.94	0.85
sll0096	0.80	1.19	1.04	0.97
sll0095	1.12	0.90	1.00	1.00
sll0094	0.83	1.09	1.13	0.97
sll0092	1.01	1.06	0.76	0.86
sll0088	0.78	0.84	0.83	0.78
sll0086	2.03	1.92	1.27	1.00
sll0085	1.10	1.23	1.52	1.33
sll0084	1.05	1.27	1.70	1.26
sll0083	1.07	0.92	0.94	1.28
sll0082	0.85	0.94	1.17	0.82
sll0080	0.89	0.94	1.06	0.85
sll0078	0.94	1.22	1.33	1.25
sll0072	1.17	1.07	1.10	1.06
sll0071	1.43	1.57	1.62	0.93
sll0070	0.89	0.94	0.91	0.99
sll0069	1.00	1.01	0.93	1.12
sll0068	0.82	1.15	1.61	1.00
sll0067	0.80	0.76	0.70	0.93
sll0066	0.81	1.15	1.46	1.00
sll0065	1.03	1.03	0.95	1.20
sll0064	1.05	0.84	1.03	0.86
sll0063	1.12	1.01	0.69	0.83
sll0062	0.98	1.12	1.16	0.96
sll0060	0.95	0.86	1.05	0.84
sll0058	0.84	0.88	1.62	0.91
sll0057	1.02	1.12	1.45	1.17
sll0055	0.88	1.16	1.47	1.09
sll0053	1.02	0.96	0.48	0.72
sll0051	0.28	0.27	0.45	0.38
sll0048	0.85	0.86	0.97	0.90
sll0047	0.88	0.86	0.74	0.87
sll0045	1.14	1.66	1.53	1.02
sll0044	0.96	0.85	0.92	0.91
sll0043	0.73	1.34	1.43	1.16
sll0042	0.56	1.34	1.72	0.82
sll0041	0.62	0.93	1.02	0.96
sll0040	0.71	1.14	1.28	1.24
sll0039	0.91	1.13	1.06	1.18
sll0038	1.20	1.22	1.15	1.11
sll0037	0.79	1.41	1.85	1.42
sll0036	1.05	0.80	1.01	0.97
sll0034	1.19	1.13	0.93	1.10
sll0033	1.06	1.75	1.34	0.98
sll0031	1.10	0.94	1.16	1.00
sll0030	1.37	1.11	1.18	0.95
sll0027	1.25	1.17	1.01	1.15
sll0026	0.85	1.26	1.28	1.37
sll0024	1.14	1.01	0.96	1.09
sll0023	1.05	1.12	1.32	1.32
sll0022	0.92	0.71	0.78	0.93
sll0021	0.85	1.38	1.46	1.08
sll0020	1.55	1.18	0.93	0.98
sll0019	0.85	1.35	1.69	1.19
sll0018	1.26	1.27	0.84	1.10
sll0017	1.05	1.57	1.93	1.47
sll0016	1.08	0.93	0.87	1.04
sll0010	1.29	1.11	1.18	0.87
sll0008	1.10	1.39	1.20	0.95
sll0007	1.30	1.38	2.09	1.10
sll0006	1.14	1.45	1.32	1.41
sll0005	15.04	2.25	2.38	1.06
sll0002	1.33	1.07	1.01	1.12
sgl0002	0.87	1.06	1.21	0.98
sgl0001	0.97	0.94	0.69	0.67
